% Model:              spr_1d_bsa_cake.mph
% Version:            COMSOL 6.2.0.339
% Date:               Feb 21 2025, 09:41
% Table:              Table 1 - Reflectance, Transmittance, and Absorptance (ewfd)
% in_rad (rad)           h_BSA (nm)               freq (THz)               Reflectance, order 0 (1)
1.117010721276371        0.9999999999999999       304.66713211382114       0.9645364217052955
1.117010721276371        6                        304.66713211382114       0.9666636049669531
1.117010721276371        11                       304.66713211382114       0.9673720098662855
1.117010721276371        15.999999999999998       304.66713211382114       0.9673884711516846
1.117010721276371        21                       304.66713211382114       0.9670606911991518
1.117010721276371        25.999999999999996       304.66713211382114       0.9665645789859123
1.117010721276371        30.999999999999996       304.66713211382114       0.9659926582775349
1.117010721276371        36                       304.66713211382114       0.9653947515751626
1.117010721276371        41                       304.66713211382114       0.9647978866909981
1.117010721276371        45.99999999999999        304.66713211382114       0.9642165340444794
1.1187560505283651       0.9999999999999999       304.66713211382114       0.9620212791261248
1.1187560505283651       6                        304.66713211382114       0.9655935978116787
1.1187560505283651       11                       304.66713211382114       0.9669944500813068
1.1187560505283651       15.999999999999998       304.66713211382114       0.9673582607457645
1.1187560505283651       21                       304.66713211382114       0.9672078659045404
1.1187560505283651       25.999999999999996       304.66713211382114       0.9668009089042577
1.1187560505283651       30.999999999999996       304.66713211382114       0.96627060556484
1.1187560505283651       36                       304.66713211382114       0.9656880946431537
1.1187560505283651       41                       304.66713211382114       0.9650920255222736
1.1187560505283651       45.99999999999999        304.66713211382114       0.9645034031423915
1.1205013797803596       0.9999999999999999       304.66713211382114       0.9581818438146831
1.1205013797803596       6                        304.66713211382114       0.9639060723028574
1.1205013797803596       11                       304.66713211382114       0.9663041539223503
1.1205013797803596       15.999999999999998       304.66713211382114       0.9671594497492618
1.1205013797803596       21                       304.66713211382114       0.9672596331627288
1.1205013797803596       25.999999999999996       304.66713211382114       0.9669811300256947
1.1205013797803596       30.999999999999996       304.66713211382114       0.9665144958157084
1.1205013797803596       36                       304.66713211382114       0.9659601961823978
1.1205013797803596       41                       304.66713211382114       0.9653725801570788
1.1205013797803596       45.99999999999999        304.66713211382114       0.9647813630871396
1.1222467090323538       0.9999999999999999       304.66713211382114       0.9523959395973101
1.1222467090323538       6                        304.66713211382114       0.9613560724677995
1.1222467090323538       11                       304.66713211382114       0.9651933093026244
1.1222467090323538       15.999999999999998       304.66713211382114       0.9667403834565141
1.1222467090323538       21                       304.66713211382114       0.9671895933707952
1.1222467090323538       25.999999999999996       304.66713211382114       0.967091083716551
1.1222467090323538       30.999999999999996       304.66713211382114       0.9667164746647686
1.1222467090323538       36                       304.66713211382114       0.9662066140983776
1.1222467090323538       41                       304.66713211382114       0.9656370327304808
1.1222467090323538       45.99999999999999        304.66713211382114       0.9650490184467014
1.1239920382843482       0.9999999999999999       304.66713211382114       0.9436919042669165
1.1239920382843482       6                        304.66713211382114       0.9575851703852659
1.1239920382843482       11                       304.66713211382114       0.9635116949206103
1.1239920382843482       15.999999999999998       304.66713211382114       0.9660316577179971
1.1239920382843482       21                       304.66713211382114       0.9669631977459496
1.1239920382843482       25.999999999999996       304.66713211382114       0.9671125656277734
1.1239920382843482       30.999999999999996       304.66713211382114       0.9668665364095038
1.1239920382843482       36                       304.66713211382114       0.9664216878958549
1.1239920382843482       41                       304.66713211382114       0.965882132531341
1.1239920382843482       45.99999999999999        304.66713211382114       0.9653045061260626
1.1257373675363425       0.9999999999999999       304.66713211382114       0.9305144099507683
1.1257373675363425       6                        304.66713211382114       0.9520592552245715
1.1257373675363425       11                       304.66713211382114       0.9610473487692264
1.1257373675363425       15.999999999999998       304.66713211382114       0.9649392723050906
1.1257373675363425       21                       304.66713211382114       0.9665350539413188
1.1257373675363425       25.999999999999996       304.66713211382114       0.9670221725621062
1.1257373675363425       30.999999999999996       304.66713211382114       0.9669519972673428
1.1257373675363425       36                       304.66713211382114       0.9665982864788832
1.1257373675363425       41                       304.66713211382114       0.9661037720052853
1.1257373675363425       45.99999999999999        304.66713211382114       0.9655454345223076
1.127482696788337        0.9999999999999999       304.66713211382114       0.9103103397269853
1.127482696788337        6                        304.66713211382114       0.9439661606307861
1.127482696788337        11                       304.66713211382114       0.9574968290844187
1.127482696788337        15.999999999999998       304.66713211382114       0.9633346602510326
1.127482696788337        21                       304.66713211382114       0.9658451679559134
1.127482696788337        25.999999999999996       304.66713211382114       0.9667897461310075
1.127482696788337        30.999999999999996       304.66713211382114       0.9669568007008531
1.127482696788337        36                       304.66713211382114       0.966727479634308
1.127482696788337        41                       304.66713211382114       0.9662968249433231
1.127482696788337        45.99999999999999        304.66713211382114       0.9657688021586452
1.1292280260403311       0.9999999999999999       304.66713211382114       0.8787937371604206
1.1292280260403311       6                        304.66713211382114       0.9320437318175674
1.1292280260403311       11                       304.66713211382114       0.9524186066026417
1.1292280260403311       15.999999999999998       304.66713211382114       0.961039954866945
1.1292280260403311       21                       304.66713211382114       0.9648136467215404
1.1292280260403311       25.999999999999996       304.66713211382114       0.9663762583491122
1.1292280260403311       30.999999999999996       304.66713211382114       0.9668605994868719
1.1292280260403311       36                       304.66713211382114       0.9667981120095827
1.1292280260403311       41                       304.66713211382114       0.9664549384135569
1.1292280260403311       45.99999999999999        304.66713211382114       0.9659708924714521
1.1309733552923256       0.9999999999999999       304.66713211382114       0.8286870257942325
1.1309733552923256       6                        304.66713211382114       0.9142863500856172
1.1309733552923256       11                       304.66713211382114       0.9451586205840391
1.1309733552923256       15.999999999999998       304.66713211382114       0.9578058750080363
1.1309733552923256       21                       304.66713211382114       0.9633331408777983
1.1309733552923256       25.999999999999996       304.66713211382114       0.9657309147466231
1.1309733552923256       30.999999999999996       304.66713211382114       0.9666375370028037
1.1309733552923256       36                       304.66713211382114       0.9667962504966705
1.1309733552923256       41                       304.66713211382114       0.9665702668492104
1.1309733552923256       45.99999999999999        304.66713211382114       0.9661471399990852
1.1327186845443198       0.9999999999999999       304.66713211382114       0.7478862069339403
1.1327186845443198       6                        304.66713211382114       0.8874415127949812
1.1327186845443198       11                       304.66713211382114       0.9347291922054892
1.1327186845443198       15.999999999999998       304.66713211382114       0.9532779761988479
1.1327186845443198       21                       304.66713211382114       0.9612579214268933
1.1327186845443198       25.999999999999996       304.66713211382114       0.9647871464118609
1.1327186845443198       30.999999999999996       304.66713211382114       0.9662546184623743
1.1327186845443198       36                       304.66713211382114       0.9667044651459376
1.1327186845443198       41                       304.66713211382114       0.9666331326405366
1.1327186845443198       45.99999999999999        304.66713211382114       0.9662919615166258
1.1344640137963142       0.9999999999999999       304.66713211382114       0.6184665248668414
1.1344640137963142       6                        304.66713211382114       0.8461664933861908
1.1344640137963142       11                       304.66713211382114       0.9196090895682438
1.1344640137963142       15.999999999999998       304.66713211382114       0.9469442695130993
1.1344640137963142       21                       304.66713211382114       0.9583878677004413
1.1344640137963142       25.999999999999996       304.66713211382114       0.9634570042969499
1.1344640137963142       30.999999999999996       304.66713211382114       0.9656695168487902
1.1344640137963142       36                       304.66713211382114       0.9665008887679255
1.1344640137963142       41                       304.66713211382114       0.9666315921807684
1.1344640137963142       45.99999999999999        304.66713211382114       0.9663985435009027
1.1362093430483085       0.9999999999999999       304.66713211382114       0.42445690481614695
1.1362093430483085       6                        304.66713211382114       0.7817556516389826
1.1362093430483085       11                       304.66713211382114       0.8974111044968852
1.1362093430483085       15.999999999999998       304.66713211382114       0.9380525792015587
1.1362093430483085       21                       304.66713211382114       0.9544446475523591
1.1362093430483085       25.999999999999996       304.66713211382114       0.9616232261318823
1.1362093430483085       30.999999999999996       304.66713211382114       0.9648275908296515
1.1362093430483085       36                       304.66713211382114       0.9661579793263256
1.1362093430483085       41                       304.66713211382114       0.9665508790210944
1.1362093430483085       45.99999999999999        304.66713211382114       0.966458574534149
1.137954672300303        0.9999999999999999       304.66713211382114       0.1886060886468378
1.137954672300303        6                        304.66713211382114       0.6809123510714189
1.137954672300303        11                       304.66713211382114       0.8643361684937501
1.137954672300303        15.999999999999998       304.66713211382114       0.925478291415802
1.137954672300303        21                       304.66713211382114       0.9490357437900261
1.137954672300303        25.999999999999996       304.66713211382114       0.9591278681576413
1.137954672300303        30.999999999999996       304.66713211382114       0.9636577917993675
1.137954672300303        36                       304.66713211382114       0.965640879267815
1.137954672300303        41                       304.66713211382114       0.966372685802727
1.137954672300303        45.99999999999999        304.66713211382114       0.9664619075772365
1.1397000015522971       0.9999999999999999       304.66713211382114       0.020717947343752072
1.1397000015522971       6                        304.66713211382114       0.5277355851957917
1.1397000015522971       11                       304.66713211382114       0.8143303925464098
1.1397000015522971       15.999999999999998       304.66713211382114       0.9075108566389961
1.1397000015522971       21                       304.66713211382114       0.9415993136780471
1.1397000015522971       25.999999999999996       304.66713211382114       0.9557557988436869
1.1397000015522971       30.999999999999996       304.66713211382114       0.9620669868377846
1.1397000015522971       36                       304.66713211382114       0.9649052228504753
1.1397000015522971       41                       304.66713211382114       0.9660742328174853
1.1397000015522971       45.99999999999999        304.66713211382114       0.9663961321477219
1.1414453308042916       0.9999999999999999       304.66713211382114       0.02731125445899492
1.1414453308042916       6                        304.66713211382114       0.3196237245019191
1.1414453308042916       11                       304.66713211382114       0.7380392364216148
1.1414453308042916       15.999999999999998       304.66713211382114       0.8815104045751102
1.1414453308042916       21                       304.66713211382114       0.931318523967058
1.1414453308042916       25.999999999999996       304.66713211382114       0.9512104067556838
1.1414453308042916       30.999999999999996       304.66713211382114       0.9599319961021995
1.1414453308042916       36                       304.66713211382114       0.9638941799074627
1.1414453308042916       41                       304.66713211382114       0.9656270517178077
1.1414453308042916       45.99999999999999        304.66713211382114       0.9662460298200221
1.1431906600562858       0.9999999999999999       304.66713211382114       0.16030154204671
1.1431906600562858       6                        304.66713211382114       0.10758252786018908
1.1431906600562858       11                       304.66713211382114       0.622608575512824
1.1431906600562858       15.999999999999998       304.66713211382114       0.8433731463231522
1.1431906600562858       21                       304.66713211382114       0.9169871305677965
1.1431906600562858       25.999999999999996       304.66713211382114       0.9450773660163313
1.1431906600562858       30.999999999999996       304.66713211382114       0.9570882930360489
1.1431906600562858       36                       304.66713211382114       0.9625344325196861
1.1431906600562858       41                       304.66713211382114       0.9649953856317087
1.1431906600562858       45.99999999999999        304.66713211382114       0.9659928774495595
1.1449359893082802       0.9999999999999999       304.66713211382114       0.3154425418939102
1.1449359893082802       6                        304.66713211382114       0.0026247764522465836
1.1449359893082802       11                       304.66713211382114       0.45667186149065736
1.1449359893082802       15.999999999999998       304.66713211382114       0.7867851064205508
1.1449359893082802       21                       304.66713211382114       0.8967980739829728
1.1449359893082802       25.999999999999996       304.66713211382114       0.9367698993061928
1.1449359893082802       30.999999999999996       304.66713211382114       0.9533137739538006
1.1449359893082802       36                       304.66713211382114       0.960730644673534
1.1449359893082802       41                       304.66713211382114       0.9641340680681748
1.1449359893082802       45.99999999999999        304.66713211382114       0.9656135501298487
1.1466813185602744       0.9999999999999999       304.66713211382114       0.44469772784085904
1.1466813185602744       6                        304.66713211382114       0.05437764465812062
1.1466813185602744       11                       304.66713211382114       0.2503777060971947
1.1466813185602744       15.999999999999998       304.66713211382114       0.702533085390929
1.1466813185602744       21                       304.66713211382114       0.8680157599005971
1.1466813185602744       25.999999999999996       304.66713211382114       0.9254452132074587
1.1466813185602744       30.999999999999996       304.66713211382114       0.9483051599978771
1.1466813185602744       36                       304.66713211382114       0.9583577807279716
1.1466813185602744       41                       304.66713211382114       0.9629856871281826
1.1466813185602744       45.99999999999999        304.66713211382114       0.9650793587010067
1.1484266478122689       0.9999999999999999       304.66713211382114       0.5420730975243833
1.1484266478122689       6                        304.66713211382114       0.1916704605226727
1.1484266478122689       11                       304.66713211382114       0.06735408419704811
1.1484266478122689       15.999999999999998       304.66713211382114       0.5792856728779631
1.1484266478122689       21                       304.66713211382114       0.826494335727045
1.1484266478122689       25.999999999999996       304.66713211382114       0.9098761631553853
1.1484266478122689       30.999999999999996       304.66713211382114       0.9416432797096117
1.1484266478122689       36                       304.66713211382114       0.9552503200775972
1.1484266478122689       41                       304.66713211382114       0.9614767604357253
1.1484266478122689       45.99999999999999        304.66713211382114       0.9643545326050643
1.150171977064263        0.9999999999999999       304.66713211382114       0.6138932245506104
1.150171977064263        6                        304.66713211382114       0.3349222937432342
1.150171977064263        11                       304.66713211382114       0.001157751992940387
1.150171977064263        15.999999999999998       304.66713211382114       0.41032180017817393
1.150171977064263        21                       304.66713211382114       0.7660759055980907
1.150171977064263        25.999999999999996       304.66713211382114       0.8882548709960886
1.150171977064263        30.999999999999996       304.66713211382114       0.9327414483604256
1.150171977064263        36                       304.66713211382114       0.9511869465242654
1.150171977064263        41                       304.66713211382114       0.9595125274880408
1.150171977064263        45.99999999999999        304.66713211382114       0.9633942249932065
1.1519173063162575       0.9999999999999999       304.66713211382114       0.6672784906483888
1.1519173063162575       6                        304.66713211382114       0.4529183234923293
1.1519173063162575       11                       304.66713211382114       0.06897544759927603
1.1519173063162575       15.999999999999998       304.66713211382114       0.21324128633747613
1.1519173063162575       21                       304.66713211382114       0.6782368889823909
1.1519173063162575       25.999999999999996       304.66713211382114       0.8578992895930547
1.1519173063162575       30.999999999999996       304.66713211382114       0.9207681032574433
1.1519173063162575       36                       304.66713211382114       0.9458685758104375
1.1519173063162575       41                       304.66713211382114       0.956969790919639
1.1519173063162575       45.99999999999999        304.66713211382114       0.9621418688200045
1.1536626355682518       0.9999999999999999       304.66713211382114       0.7076677385830833
1.1536626355682518       6                        304.66713211382114       0.5430198830490365
1.1536626355682518       11                       304.66713211382114       0.20155906488213665
1.1536626355682518       15.999999999999998       304.66713211382114       0.05163823575640911
1.1536626355682518       21                       304.66713211382114       0.5534483517105667
1.1536626355682518       25.999999999999996       304.66713211382114       0.8148448478464257
1.1536626355682518       30.999999999999996       304.66713211382114       0.9045305633143148
1.1536626355682518       36                       304.66713211382114       0.9388864972306737
1.1536626355682518       41                       304.66713211382114       0.9536869778217038
1.1536626355682518       45.99999999999999        304.66713211382114       0.960525643610958
1.1554079648202462       0.9999999999999999       304.66713211382114       0.7388443208430523
1.1554079648202462       6                        304.66713211382114       0.6107131742477092
1.1554079648202462       11                       304.66713211382114       0.3357658988715458
1.1554079648202462       15.999999999999998       304.66713211382114       0.0017537989965774848
1.1554079648202462       21                       304.66713211382114       0.388124154912065
1.1554079648202462       25.999999999999996       304.66713211382114       0.753385309318687
1.1554079648202462       30.999999999999996       304.66713211382114       0.8823018135318194
1.1554079648202462       36                       304.66713211382114       0.9296757740490521
1.1554079648202462       41                       304.66713211382114       0.9494502036196513
1.1554079648202462       45.99999999999999        304.66713211382114       0.9584537128562334
1.1571532940722404       0.9999999999999999       304.66713211382114       0.7633858747376063
1.1571532940722404       6                        304.66713211382114       0.6619209293459862
1.1571532940722404       11                       304.66713211382114       0.4473194937294176
1.1571532940722404       15.999999999999998       304.66713211382114       0.06931383286656016
1.1571532940722404       21                       304.66713211382114       0.20160945069588562
1.1571532940722404       25.999999999999996       304.66713211382114       0.6659406901582104
1.1571532940722404       30.999999999999996       304.66713211382114       0.8515701883650708
1.1571532940722404       36                       304.66713211382114       0.9174466878916269
1.1571532940722404       41                       304.66713211382114       0.9439735403620073
1.1571532940722404       45.99999999999999        304.66713211382114       0.9558077469628142
1.1588986233242349       0.9999999999999999       304.66713211382114       0.7830569296202089
1.1588986233242349       6                        304.66713211382114       0.7012541539670003
1.1588986233242349       11                       304.66713211382114       0.5339864081562627
1.1588986233242349       15.999999999999998       304.66713211382114       0.1939162358657742
1.1588986233242349       21                       304.66713211382114       0.05103206475690944
1.1588986233242349       25.999999999999996       304.66713211382114       0.5445371204908996
1.1588986233242349       30.999999999999996       304.66713211382114       0.8087065318913462
1.1588986233242349       36                       304.66713211382114       0.901083887289094
1.1588986233242349       41                       304.66713211382114       0.9368708289242832
1.1588986233242349       45.99999999999999        304.66713211382114       0.9524340346615026
1.160643952576229        0.9999999999999999       304.66713211382114       0.7990829921405279
1.160643952576229        6                        304.66713211382114       0.7320033329271047
1.160643952576229        11                       304.66713211382114       0.6002160063030044
1.160643952576229        15.999999999999998       304.66713211382114       0.3216418560161086
1.160643952576229        21                       304.66713211382114       9.364233907651423E-4
1.160643952576229        25.999999999999996       304.66713211382114       0.38691548894413885
1.160643952576229        30.999999999999996       304.66713211382114       0.7486186564297596
1.160643952576229        36                       304.66713211382114       0.8789996935723563
1.160643952576229        41                       304.66713211382114       0.9276151171420688
1.160643952576229        45.99999999999999        304.66713211382114       0.9481311748459295
1.1623892818282235       0.9999999999999999       304.66713211382114       0.8123305454060591
1.1623892818282235       6                        304.66713211382114       0.7564649429879228
1.1623892818282235       11                       304.66713211382114       0.6510538380773419
1.1623892818282235       15.999999999999998       304.66713211382114       0.4301326651729412
1.1623892818282235       21                       304.66713211382114       0.057911317774721166
1.1623892818282235       25.999999999999996       304.66713211382114       0.21018078420754724
1.1623892818282235       30.999999999999996       304.66713211382114       0.6647177233694013
1.1623892818282235       36                       304.66713211382114       0.8489279202720482
1.1623892818282235       41                       304.66713211382114       0.9154800499307577
1.1623892818282235       45.99999999999999        304.66713211382114       0.9426328854301749
1.1641346110802178       0.9999999999999999       304.66713211382114       0.8234236944527991
1.1641346110802178       6                        304.66713211382114       0.7762445221867282
1.1641346110802178       11                       304.66713211382114       0.6905753477706867
1.1641346110802178       15.999999999999998       304.66713211382114       0.5161303248676572
1.1641346110802178       21                       304.66713211382114       0.17215448140209347
1.1641346110802178       25.999999999999996       304.66713211382114       0.062426069268129394
1.1641346110802178       30.999999999999996       304.66713211382114       0.5501974319376753
1.1641346110802178       36                       304.66713211382114       0.8076584047068057
1.1641346110802178       41                       304.66713211382114       0.8994553248100945
1.1641346110802178       45.99999999999999        304.66713211382114       0.9355838043221142
1.1658799403322122       0.9999999999999999       304.66713211382114       0.8328201413136745
1.1658799403322122       6                        304.66713211382114       0.7924774598760104
1.1658799403322122       11                       304.66713211382114       0.7217753793316747
1.1658799403322122       15.999999999999998       304.66713211382114       0.5829320593486456
1.1658799403322122       21                       304.66713211382114       0.29473699123984226
1.1658799403322122       25.999999999999996       304.66713211382114       7.982228079138395E-4
1.1658799403322122       30.999999999999996       304.66713211382114       0.4028323427376243
1.1658799403322122       36                       304.66713211382114       0.7507719983450725
1.1658799403322122       41                       304.66713211382114       0.8781262761457099
1.1658799403322122       45.99999999999999        304.66713211382114       0.9265052170537001
1.1676252695842064       0.9999999999999999       304.66713211382114       0.8408613067437547
1.1676252695842064       6                        304.66713211382114       0.8059789662275896
1.1676252695842064       11                       304.66713211382114       0.7467938927636633
1.1676252695842064       15.999999999999998       304.66713211382114       0.6348691210795155
1.1676252695842064       21                       304.66713211382114       0.4023806009149745
1.1676252695842064       25.999999999999996       304.66713211382114       0.039068112857501364
1.1676252695842064       30.999999999999996       304.66713211382114       0.2354555079191642
1.1676252695842064       36                       304.66713211382114       0.6726217171928157
1.1676252695842064       41                       304.66713211382114       0.8495082137166962
1.1676252695842064       45.99999999999999        304.66713211382114       0.9147463703558762
1.1693705988362009       0.9999999999999999       304.66713211382114       0.8478059260070989
1.1693705988362009       6                        304.66713211382114       0.8173439791613868
1.1693705988362009       11                       304.66713211382114       0.7671558133083416
1.1693705988362009       15.999999999999998       304.66713211382114       0.6756473356463045
1.1693705988362009       21                       304.66713211382114       0.4897741138036344
1.1693705988362009       25.999999999999996       304.66713211382114       0.13950382956271554
1.1693705988362009       30.999999999999996       304.66713211382114       0.08618817862409156
1.1693705988362009       36                       304.66713211382114       0.567273676525289
1.1693705988362009       41                       304.66713211382114       0.8108369734650692
1.1693705988362009       45.99999999999999        304.66713211382114       0.899415482787936
1.171115928088195        0.9999999999999999       304.66713211382114       0.8538529505561203
1.171115928088195        6                        304.66713211382114       0.8270137540824004
1.171115928088195        11                       304.66713211382114       0.7839564760717588
1.171115928088195        15.999999999999998       304.66713211382114       0.7080883932680001
1.171115928088195        21                       304.66713211382114       0.5588262743685636
1.171115928088195        25.999999999999996       304.66713211382114       0.25660351880039733
1.171115928088195        30.999999999999996       304.66713211382114       0.006137674638922779
1.171115928088195        36                       304.66713211382114       0.43194914398035045
1.171115928088195        41                       304.66713211382114       0.7583593775101672
1.171115928088195        45.99999999999999        304.66713211382114       0.8792832178172819
1.1728612573401895       0.9999999999999999       304.66713211382114       0.8591574239845984
1.1728612573401895       6                        304.66713211382114       0.8353206580016599
1.1728612573401895       11                       304.66713211382114       0.7979925310155869
1.1728612573401895       15.999999999999998       304.66713211382114       0.73425949063802
1.1728612573401895       21                       304.66713211382114       0.6131684866969557
1.1728612573401895       25.999999999999996       304.66713211382114       0.3644752906369881
1.1728612573401895       30.999999999999996       304.66713211382114       0.018503615452686056
1.1728612573401895       36                       304.66713211382114       0.27470662405742846
1.1728612573401895       41                       304.66713211382114       0.6872922038424598
1.1728612573401895       45.99999999999999        304.66713211382114       0.8526519401536066
1.1746065865921838       0.9999999999999999       304.66713211382114       0.8638416673434464
1.1746065865921838       6                        304.66713211382114       0.8425186979563751
1.1746065865921838       11                       304.66713211382114       0.8098516540800812
1.1746065865921838       15.999999999999998       304.66713211382114       0.7556613593554611
1.1746065865921838       21                       304.66713211382114       0.6562089061087352
1.1746065865921838       25.999999999999996       304.66713211382114       0.45474301126902533
1.1746065865921838       30.999999999999996       304.66713211382114       0.09982301016402291
1.1746065865921838       36                       304.66713211382114       0.12357967420457397
1.1746065865921838       41                       304.66713211382114       0.5924233017684489
1.1746065865921838       45.99999999999999        304.66713211382114       0.8171915268524698
1.1763519158441782       0.9999999999999999       304.66713211382114       0.868003281849989
1.1763519158441782       6                        304.66713211382114       0.8488046322412526
1.1763519158441782       11                       304.66713211382114       0.8199736778621314
1.1763519158441782       15.999999999999998       304.66713211382114       0.7733875332486745
1.1763519158441782       21                       304.66713211382114       0.6906674993016308
1.1763519158441782       25.999999999999996       304.66713211382114       0.5274750601538556
1.1763519158441782       30.999999999999996       304.66713211382114       0.2089447739853595
1.1763519158441782       36                       304.66713211382114       0.02266292053988869
1.1763519158441782       41                       304.66713211382114       0.47038443782367845
1.1763519158441782       45.99999999999999        304.66713211382114       0.7697700047344326
1.1780972450961724       0.9999999999999999       304.66713211382114       0.871720958031458
1.1780972450961724       6                        304.66713211382114       0.8543327886293746
1.1780972450961724       11                       304.66713211382114       0.8286924546151737
1.1780972450961724       15.999999999999998       304.66713211382114       0.7882424176496763
1.1780972450961724       21                       304.66713211382114       0.7185961556972574
1.1780972450961724       25.999999999999996       304.66713211382114       0.5854523343134707
1.1780972450961724       30.999999999999996       304.66713211382114       0.31671172439172784
1.1780972450961724       36                       304.66713211382114       0.003342553324058454
1.1780972450961724       41                       304.66713211382114       0.324975886756149
1.1780972450961724       45.99999999999999        304.66713211382114       0.7063857448438019
1.1798425743481669       0.9999999999999999       304.66713211382114       0.8750587501111616
1.1798425743481669       6                        304.66713211382114       0.859225618900912
1.1798425743481669       11                       304.66713211382114       0.8362648113809693
1.1798425743481669       15.999999999999998       304.66713211382114       0.8008248453412227
1.1798425743481669       21                       304.66713211382114       0.741514595892491
1.1798425743481669       25.999999999999996       304.66713211382114       0.6317642770123872
1.1798425743481669       30.999999999999996       304.66713211382114       0.41062931472935343
1.1798425743481669       36                       304.66713211382114       0.05846453963492911
1.1798425743481669       41                       304.66713211382114       0.17483046638351593
1.1798425743481669       45.99999999999999        304.66713211382114       0.622496730344891
1.181587903600161        0.9999999999999999       304.66713211382114       0.8780692611892553
1.181587903600161        6                        304.66713211382114       0.8635813231072696
1.181587903600161        11                       304.66713211382114       0.8428908232404808
1.181587903600161        15.999999999999998       304.66713211382114       0.8115863485600125
1.181587903600161        21                       304.66713211382114       0.7605462638552746
1.181587903600161        25.999999999999996       304.66713211382114       0.6690536883731811
1.181587903600161        30.999999999999996       304.66713211382114       0.4881950223958703
1.181587903600161        36                       304.66713211382114       0.1544762438019764
1.181587903600161        41                       304.66713211382114       0.055223307476209633
1.181587903600161        45.99999999999999        304.66713211382114       0.514401855143778
1.1833332328521555       0.9999999999999999       304.66713211382114       0.8807960449812114
1.1833332328521555       6                        304.66713211382114       0.8674794312875155
1.1833332328521555       11                       304.66713211382114       0.8487281944708148
1.1833332328521555       15.999999999999998       304.66713211382114       0.8208717761314674
1.1833332328521555       21                       304.66713211382114       0.7765264977428327
1.1833332328521555       25.999999999999996       304.66713211382114       0.6993923116420819
1.1833332328521555       30.999999999999996       304.66713211382114       0.5509762772009367
1.1833332328521555       36                       304.66713211382114       0.2598418547057719
1.1833332328521555       41                       304.66713211382114       0.0015165476802783476
1.1833332328521555       45.99999999999999        304.66713211382114       0.3826949408999427
1.1850785621041497       0.9999999999999999       304.66713211382114       0.8832754368884951
1.1850785621041497       6                        304.66713211382114       0.8709849417556907
1.1850785621041497       11                       304.66713211382114       0.8539025953089232
1.1850785621041497       15.999999999999998       304.66713211382114       0.8289477820326704
1.1850785621041497       21                       304.66713211382114       0.7900822919910542
1.1850785621041497       25.999999999999996       304.66713211382114       0.7243519786211395
1.1850785621041497       30.999999999999996       304.66713211382114       0.601603098016927
1.1850785621041497       36                       304.66713211382114       0.35711024518859635
1.1850785621041497       41                       304.66713211382114       0.022841558906318622
1.1850785621041497       45.99999999999999        304.66713211382114       0.23810639116817128
1.1868238913561442       0.9999999999999999       304.66713211382114       0.8855379644408716
1.1868238913561442       6                        304.66713211382114       0.8741514258538803
1.1868238913561442       11                       304.66713211382114       0.8585151880679639
1.1868238913561442       15.999999999999998       304.66713211382114       0.836022998938849
1.1868238913561442       21                       304.66713211382114       0.8016894538638113
1.1868238913561442       25.999999999999996       304.66713211382114       0.7451135877547999
1.1868238913561442       30.999999999999996       304.66713211382114       0.6426061093302685
1.1868238913561442       36                       304.66713211382114       0.4401983529777957
1.1868238913561442       41                       304.66713211382114       0.09788019216125322
1.1868238913561442       45.99999999999999        304.66713211382114       0.10601006472736421
1.1885692206081384       0.9999999999999999       304.66713211382114       0.8876094442333061
1.1885692206081384       6                        304.66713211382114       0.877023383366932
1.1885692206081384       11                       304.66713211382114       0.8626481751807775
1.1885692206081384       15.999999999999998       304.66713211382114       0.8422624829236437
1.1885692206081384       21                       304.66713211382114       0.8117132205753054
1.1885692206081384       25.999999999999996       304.66713211382114       0.7625651866625406
1.1885692206081384       30.999999999999996       304.66713211382114       0.676084601527489
1.1885692206081384       36                       304.66713211382114       0.5088169280038783
1.1885692206081384       41                       304.66713211382114       0.19586031506161744
1.1885692206081384       45.99999999999999        304.66713211382114       0.020093893771376933
1.1903145498601329       0.9999999999999999       304.66713211382114       0.8895118427530809
1.1903145498601329       6                        304.66713211382114       0.879638048192416
1.1903145498601329       11                       304.66713211382114       0.8663689376100071
1.1903145498601329       15.999999999999998       304.66713211382114       0.8477981774367392
1.1903145498601329       21                       304.66713211382114       0.8204371621690993
1.1903145498601329       25.999999999999996       304.66713211382114       0.7773787857863399
1.1903145498601329       30.999999999999996       304.66713211382114       0.7036839678585186
1.1903145498601329       36                       304.66713211382114       0.564820533734454
1.1903145498601329       41                       304.66713211382114       0.2944400944781492
1.1903145498601329       45.99999999999999        304.66713211382114       0.0020862276374314483
1.192059879112127        0.9999999999999999       304.66713211382114       0.8912639576365999
1.192059879112127        6                        304.66713211382114       0.8820267861736041
1.192059879112127        11                       304.66713211382114       0.8697331564688101
1.192059879112127        15.999999999999998       304.66713211382114       0.852736582740756
1.192059879112127        21                       304.66713211382114       0.8280838779006341
1.192059879112127        25.999999999999996       304.66713211382114       0.7900674161558005
1.192059879112127        30.999999999999996       304.66713211382114       0.7266658510936911
1.192059879112127        36                       304.66713211382114       0.6105003280295144
1.192059879112127        41                       304.66713211382114       0.3828567735011008
1.192059879112127        45.99999999999999        304.66713211382114       0.04657709368350857
1.1938052083641213       0.9999999999999999       304.66713211382114       0.8928819610914247
1.1938052083641213       6                        304.66713211382114       0.8842161871750356
1.1938052083641213       11                       304.66713211382114       0.8727871926237354
1.1938052083641213       15.999999999999998       304.66713211382114       0.857164441800351
1.1938052083641213       21                       304.66713211382114       0.8348299466077482
1.1938052083641213       25.999999999999996       304.66713211382114       0.8010266498310593
1.1938052083641213       30.999999999999996       304.66713211382114       0.7459918627416704
1.1938052083641213       36                       304.66713211382114       0.6479466599438114
1.1938052083641213       41                       304.66713211382114       0.45799622507287635
1.1938052083641213       45.99999999999999        304.66713211382114       0.12901811964681945
1.1955505376161157       0.9999999999999999       304.66713211382114       0.8943798366046406
1.1955505376161157       6                        304.66713211382114       0.8862289256495408
1.1955505376161157       11                       304.66713211382114       0.8755699187594339
1.1955505376161157       15.999999999999998       304.66713211382114       0.8611530023672007
1.1955505376161157       21                       304.66713211382114       0.8408168342805554
1.1955505376161157       25.999999999999996       304.66713211382114       0.8105646417511132
1.1955505376161157       30.999999999999996       304.66713211382114       0.762396357047933
1.1955505376161157       36                       304.66713211382114       0.6788804649946557
1.1955505376161157       41                       304.66713211382114       0.52036547607374
1.1955505376161157       45.99999999999999        304.66713211382114       0.22423016203054547
1.1972958668681102       0.9999999999999999       304.66713211382114       0.8957697323485719
1.1972958668681102       6                        304.66713211382114       0.888084444273458
1.1972958668681102       11                       304.66713211382114       0.8781141431292174
1.1972958668681102       15.999999999999998       304.66713211382114       0.8647612456301487
1.1972958668681102       21                       304.66713211382114       0.8461589352734438
1.1972958668681102       25.999999999999996       304.66713211382114       0.8189239052487155
1.1972958668681102       30.999999999999996       304.66713211382114       0.7764435106070696
1.1972958668681102       36                       304.66713211382114       0.7046598724900557
1.1972958668681102       41                       304.66713211382114       0.5717380679716801
1.1972958668681102       45.99999999999999        304.66713211382114       0.31618021915554245
1.1990411961201044       0.9999999999999999       304.66713211382114       0.8970622490654703
1.1990411961201044       6                        304.66713211382114       0.8897995011657637
1.1990411961201044       11                       304.66713211382114       0.8804477257595903
1.1990411961201044       15.999999999999998       304.66713211382114       0.8680383566160785
1.1990411961201044       21                       304.66713211382114       0.8509495626045055
1.1990411961201044       25.999999999999996       304.66713211382114       0.8262971867372136
1.1990411961201044       30.999999999999996       304.66713211382114       0.788570249485733
1.1990411961201044       36                       304.66713211382114       0.7263388396871547
1.1990411961201044       41                       304.66713211382114       0.614080862568253
1.1990411961201044       45.99999999999999        304.66713211382114       0.39773790316412205
1.2007865253720986       0.9999999999999999       304.66713211382114       0.8982666760358812
1.2007865253720986       6                        304.66713211382114       0.8913886110540653
1.2007865253720986       11                       304.66713211382114       0.8825944608090477
1.2007865253720986       15.999999999999998       304.66713211382114       0.8710256324227911
1.2007865253720986       21                       304.66713211382114       0.8552654563554489
1.2007865253720986       25.999999999999996       304.66713211382114       0.8328391295229317
1.2007865253720986       30.999999999999996       304.66713211382114       0.7991179883788804
1.2007865253720986       36                       304.66713211382114       0.7447316773958104
1.2007865253720986       41                       304.66713211382114       0.649155180360979
1.2007865253720986       45.99999999999999        304.66713211382114       0.4671621349098084
1.202531854624093        0.9999999999999999       304.66713211382114       0.8993911856316417
1.202531854624093        6                        304.66713211382114       0.8928644033441471
1.202531854624093        11                       304.66713211382114       0.8845747795259434
1.202531854624093        15.999999999999998       304.66713211382114       0.8737579694819824
1.202531854624093        21                       304.66713211382114       0.8591702105363285
1.202531854624093        25.999999999999996       304.66713211382114       0.8386749199740394
1.202531854624093        30.999999999999996       304.66713211382114       0.8083559832069546
1.202531854624093        36                       304.66713211382114       0.7604688086207407
1.202531854624093        41                       304.66713211382114       0.6784152066439931
1.202531854624093        45.99999999999999        304.66713211382114       0.5251946938042618
1.2042771838760873       0.9999999999999999       304.66713211382114       0.900442994612377
1.2042771838760873       6                        304.66713211382114       0.8942379145987462
1.2042771838760873       11                       304.66713211382114       0.8864063144050321
1.2042771838760873       15.999999999999998       304.66713211382114       0.8762650325753318
1.2042771838760873       21                       304.66713211382114       0.8627169027339611
1.2042771838760873       25.999999999999996       304.66713211382114       0.8439067565778294
1.2042771838760873       30.999999999999996       304.66713211382114       0.8164985386274392
1.2042771838760873       36                       304.66713211382114       0.7740409427407202
1.2042771838760873       41                       304.66713211382114       0.7030200160310396
1.2042771838760873       45.99999999999999        304.66713211382114       0.5734278202836165
1.2060225131280817       0.9999999999999999       304.66713211382114       0.9014284985563652
1.2060225131280817       6                        304.66713211382114       0.8955188288770359
1.2060225131280817       11                       304.66713211382114       0.8881043550940746
1.2060225131280817       15.999999999999998       304.66713211382114       0.8785721810736504
1.2060225131280817       21                       304.66713211382114       0.8659501303705233
1.2060225131280817       25.999999999999996       304.66713211382114       0.8486187356085297
1.2060225131280817       30.999999999999996       304.66713211382114       0.8237177504990524
1.2060225131280817       36                       304.66713211382114       0.7858327879481295
1.2060225131280817       41                       304.66713211382114       0.7238801608804247
1.2060225131280817       45.99999999999999        304.66713211382114       0.6135570522424126
1.207767842380076        0.9999999999999999       304.66713211382114       0.9023533844575086
1.207767842380076        6                        304.66713211382114       0.8967156763570646
1.207767842380076        11                       304.66713211382114       0.8896822192377127
1.207767842380076        15.999999999999998       304.66713211382114       0.8807012083802519
1.207767842380076        21                       304.66713211382114       0.8689076011143978
1.207767842380076        25.999999999999996       304.66713211382114       0.8528805751536234
1.207767842380076        30.999999999999996       304.66713211382114       0.8301530067508494
1.207767842380076        36                       304.66713211382114       0.7961483740215788
1.207767842380076        41                       304.66713211382114       0.7417080868237873
1.207767842380076        45.99999999999999        304.66713211382114       0.6470979844525961
1.2095131716320704       0.9999999999999999       304.66713211382114       0.9032227254826025
1.2095131716320704       6                        304.66713211382114       0.8978359983650701
1.2095131716320704       11                       304.66713211382114       0.8911515559973524
1.2095131716320704       15.999999999999998       304.66713211382114       0.8826709364697479
1.2095131716320704       21                       304.66713211382114       0.8716213852630295
1.2095131716320704       25.999999999999996       304.66713211382114       0.8567504792525
1.2095131716320704       30.999999999999996       304.66713211382114       0.8359181270525873
1.2095131716320704       36                       304.66713211382114       0.80522997640068
1.2095131716320704       41                       304.66713211382114       0.7570621236582249
1.2095131716320704       45.99999999999999        304.66713211382114       0.6753124588633733
1.2112585008840646       0.9999999999999999       304.66713211382114       0.9040410610748284
1.2112585008840646       6                        304.66713211382114       0.8988864851955289
1.2112585008840646       11                       304.66713211382114       0.8925225959263628
1.2112585008840646       15.999999999999998       304.66713211382114       0.8844976971518952
1.2112585008840646       21                       304.66713211382114       0.8741189096063082
1.2112585008840646       25.999999999999996       304.66713211382114       0.8602773597996277
1.2112585008840646       30.999999999999996       304.66713211382114       0.8411067727701528
1.2112585008840646       36                       304.66713211382114       0.8132722687483194
1.2112585008840646       41                       304.66713211382114       0.7703818680030687
1.2112585008840646       45.99999999999999        304.66713211382114       0.6992178575274649
1.213003830136059        0.9999999999999999       304.66713211382114       0.9048124649580218
1.213003830136059        6                        304.66713211382114       0.8998730917672105
1.213003830136059        11                       304.66713211382114       0.8938043578225399
1.213003830136059        15.999999999999998       304.66713211382114       0.8861957241329605
1.213003830136059        21                       304.66713211382114       0.8764237519493789
1.213003830136059        25.999999999999996       304.66713211382114       0.8635025745381041
1.213003830136059        30.999999999999996       304.66713211382114       0.8457965809111754
1.213003830136059        36                       304.66713211382114       0.8204329495686274
1.213003830136059        41                       304.66713211382114       0.7820156238228103
1.213003830136059        45.99999999999999        304.66713211382114       0.7196231601227427
1.2147491593880533       0.9999999999999999       304.66713211382114       0.9055406031065297
1.2147491593880533       6                        304.66713211382114       0.9008011351263435
1.2147491593880533       11                       304.66713211382114       0.8950048208680876
1.2147491593880533       15.999999999999998       304.66713211382114       0.8877774743402139
1.2147491593880533       21                       304.66713211382114       0.8785562807011593
1.2147491593880533       25.999999999999996       304.66713211382114       0.8664612973092501
1.2147491593880533       30.999999999999996       304.66713211382114       0.8500523495046914
1.2147491593880533       36                       304.66713211382114       0.8268407681805535
1.2147491593880533       41                       304.66713211382114       0.792241338553006
1.2147491593880533       45.99999999999999        304.66713211382114       0.7371688286569246
1.2164944886400477       0.9999999999999999       304.66713211382114       0.9062287833530459
1.2164944886400477       6                        304.66713211382114       0.9016753770068494
1.2164944886400477       11                       304.66713211382114       0.8961310685963026
1.2164944886400477       15.999999999999998       304.66713211382114       0.8892538927835666
1.2164944886400477       21                       304.66713211382114       0.8805341731490404
1.2164944886400477       25.999999999999996       304.66713211382114       0.8691836065210427
1.2164944886400477       30.999999999999996       304.66713211382114       0.8539285121728715
1.2164944886400477       36                       304.66713211382114       0.8326016282736783
1.2164944886400477       41                       304.66713211382114       0.8012824803933805
1.2164944886400477       45.99999999999999        304.66713211382114       0.7523623484421631
1.218239817892042        0.9999999999999999       304.66713211382114       0.9068799979976284
1.218239817892042        6                        304.66713211382114       0.9025000940311818
1.218239817892042        11                       304.66713211382114       0.8971894098692155
1.218239817892042        15.999999999999998       304.66713211382114       0.890634632062205
1.218239817892042        21                       304.66713211382114       0.882372838056425
1.218239817892042        25.999999999999996       304.66713211382114       0.8716953559835929
1.218239817892042        30.999999999999996       304.66713211382114       0.8574710757504436
1.218239817892042        36                       304.66713211382114       0.8378032638755442
1.218239817892042        41                       304.66713211382114       0.8093200749767628
1.218239817892042        45.99999999999999        304.66713211382114       0.7656073695987761
1.2199851471440364       0.9999999999999999       304.66713211382114       0.9074969605363069
1.2199851471440364       6                        304.66713211382114       0.9032791376378658
1.2199851471440364       11                       304.66713211382114       0.8981854809942261
1.2199851471440364       15.999999999999998       304.66713211382114       0.8919282352227376
1.2199851471440364       21                       304.66713211382114       0.8840857622885141
1.2199851471440364       25.999999999999996       304.66713211382114       0.8740188763777057
1.2199851471440364       30.999999999999996       304.66713211382114       0.8607191490405023
1.2199851471440364       36                       304.66713211382114       0.8425188488570776
1.2199851471440364       41                       304.66713211382114       0.8165018571765479
1.2199851471440364       45.99999999999999        304.66713211382114       0.7772267043477082
1.2217304763960306       0.9999999999999999       304.66713211382114       0.9080821374277928
1.2217304763960306       6                        304.66713211382114       0.9040159854353491
1.2217304763960306       11                       304.66713211382114       0.8991243322931315
1.2217304763960306       15.999999999999998       304.66713211382114       0.8931422888331579
1.2217304763960306       21                       304.66713211382114       0.8856847967343658
1.2217304763960306       25.999999999999996       304.66713211382114       0.8761735439513519
1.2217304763960306       30.999999999999996       304.66713211382114       0.8637061577913383
1.2217304763960306       36                       304.66713211382114       0.8468098043831314
1.2217304763960306       41                       304.66713211382114       0.8229492631661132
1.2217304763960306       45.99999999999999        304.66713211382114       0.7874801509176753
