% Model:              spr_bsa_calc.mph
% Version:            COMSOL 6.0.0.405
% Date:               Dec 3 2024, 16:59
% Table:              Table 1 - Global Evaluation 2
% in_rad                 h_BSA (nm)               freq (THz)               Reflectance, order 0 (1) Reflectance, order 0 (1)
1.08                     0.9999999999999999       304.66713211382114       0.9633806369350376       0.9668485337622406
1.08                     6                        304.66713211382114       0.9628978315755107       0.9680039218241475
1.08                     11                       304.66713211382114       0.9624450649523014       0.9681817696979776
1.08                     15.999999999999998       304.66713211382114       0.9620199834095934       0.967895349079751
1.08                     21                       304.66713211382114       0.9616202955779345       0.9673900457479492
1.08                     25.999999999999996       304.66713211382114       0.9612438379888838       0.9667889729655751
1.08                     30.999999999999996       304.66713211382114       0.9608886047508143       0.9661557478967855
1.08                     36                       304.66713211382114       0.9605527565060468       0.965523587916967
1.08                     41                       304.66713211382114       0.9602346178539226       0.9649095999821837
1.08                     45.99999999999999        304.66713211382114       0.959932668784002        0.9643221323006164
1.08                     50.99999999999999        304.66713211382114       0.9596455331864475       0.9637647002274798
1.08                     56                       304.66713211382114       0.9593719663451291       0.9632381453733246
1.08                     60.99999999999999        304.66713211382114       0.9591108424116364       0.9627418498319825
1.08                     66                       304.66713211382114       0.9588611424879713       0.9622744297510716
1.08                     70.99999999999999        304.66713211382114       0.958621943514072        0.961834134718517
1.08                     76                       304.66713211382114       0.9583924081509412       0.9614190777078014
1.08                     81                       304.66713211382114       0.9581717756448241       0.9610273658927789
1.08                     85.99999999999999        304.66713211382114       0.95795935361627         0.9606571728538003
1.08                     91                       304.66713211382114       0.9577545107635883       0.9603067760284479
1.08                     96                       304.66713211382114       0.9575566703463481       0.9599745734933384
1.081                    0.9999999999999999       304.66713211382114       0.9639393269391703       0.9659941817899419
1.081                    6                        304.66713211382114       0.9634199419927061       0.9677047525699162
1.081                    11                       304.66713211382114       0.9629330574037893       0.9681465806678757
1.081                    15.999999999999998       304.66713211382114       0.9624764379944325       0.9679888264505847
1.081                    21                       304.66713211382114       0.9620477502346592       0.9675452858471565
1.081                    25.999999999999996       304.66713211382114       0.9616447049027429       0.9669714406105954
1.081                    30.999999999999996       304.66713211382114       0.9612651310410285       0.9663471419646974
1.081                    36                       304.66713211382114       0.9609070102060375       0.9657141237152003
1.081                    41                       304.66713211382114       0.9605684880808296       0.9650941148874298
1.081                    45.99999999999999        304.66713211382114       0.960247873560995        0.9644980335495411
1.081                    50.99999999999999        304.66713211382114       0.9599436310702655       0.9639308448422113
1.081                    56                       304.66713211382114       0.9596543696108257       0.9633942114594267
1.081                    60.99999999999999        304.66713211382114       0.959378830501972        0.9628879759522853
1.081                    66                       304.66713211382114       0.9591158750074492       0.9624110048207279
1.081                    70.99999999999999        304.66713211382114       0.9588644724018969       0.9619616744578828
1.081                    76                       304.66713211382114       0.958623688857167        0.9615381518491146
1.081                    81                       304.66713211382114       0.9583926772698476       0.9611385556056534
1.081                    85.99999999999999        304.66713211382114       0.9581706680322261       0.9607610463612185
1.081                    91                       304.66713211382114       0.9579569607776766       0.960403875246924
1.081                    96                       304.66713211382114       0.957750916981245        0.960065407360751
1.082                    0.9999999999999999       304.66713211382114       0.9644626857368992       0.9648553680598176
1.082                    6                        304.66713211382114       0.9639096618843827       0.9672693491667474
1.082                    11                       304.66713211382114       0.9633908311725566       0.9680412100653746
1.082                    15.999999999999998       304.66713211382114       0.9629043554061019       0.9680440610372654
1.082                    21                       304.66713211382114       0.9624480275038729       0.9676787301075173
1.082                    25.999999999999996       304.66713211382114       0.962019536382454        0.9671410081279517
1.082                    30.999999999999996       304.66713211382114       0.9616166111010837       0.9665306362281727
1.082                    36                       304.66713211382114       0.9612370955685272       0.9658996561137521
1.082                    41                       304.66713211382114       0.960878983379982        0.9652753430593244
1.082                    45.99999999999999        304.66713211382114       0.9605404300238077       0.9646716826179449
1.082                    50.99999999999999        304.66713211382114       0.9602197523594217       0.9640953674676739
1.082                    56                       304.66713211382114       0.9599154213088138       0.9635490411848431
1.082                    60.99999999999999        304.66713211382114       0.9596260511676247       0.9630331010972402
1.082                    66                       304.66713211382114       0.9593503876105811       0.9625467209384347
1.082                    70.99999999999999        304.66713211382114       0.9590872954577863       0.9620884388303149
1.082                    76                       304.66713211382114       0.9588357469129822       0.9616564975280185
1.082                    81                       304.66713211382114       0.9585948105697236       0.9612490407923392
1.082                    85.99999999999999        304.66713211382114       0.9583636413090562       0.9608642250246381
1.082                    91                       304.66713211382114       0.9581414711796788       0.9605002806155272
1.082                    96                       304.66713211382114       0.9579276011766485       0.9601555432441731
1.083                    0.9999999999999999       304.66713211382114       0.9649550320503373       0.9633632655129084
1.083                    6                        304.66713211382114       0.9643716630692496       0.9666692367286632
1.083                    11                       304.66713211382114       0.963823203442673        0.9678527077245997
1.083                    15.999999999999998       304.66713211382114       0.9633085801389233       0.9680547349547215
1.083                    21                       304.66713211382114       0.9628259318528581       0.9677871377247677
1.083                    25.999999999999996       304.66713211382114       0.9623730588602722       0.9672959596972476
1.083                    30.999999999999996       304.66713211382114       0.9619476726014563       0.966705311994164
1.083                    36                       304.66713211382114       0.9615475311121026       0.9660797014577146
1.083                    41                       304.66713211382114       0.9611705089765233       0.9654530466480226
1.083                    45.99999999999999        304.66713211382114       0.960814629761585        0.9648429843695506
1.083                    50.99999999999999        304.66713211382114       0.9604780769685266       0.9642582575065719
1.083                    56                       304.66713211382114       0.9601591930212995       0.9637026746704451
1.083                    60.99999999999999        304.66713211382114       0.95985647180511         0.9631772959425199
1.083                    66                       304.66713211382114       0.9595685480880976       0.9626816670606448
1.083                    70.99999999999999        304.66713211382114       0.9592941856574925       0.9622145274746476
1.083                    76                       304.66713211382114       0.9590322653270182       0.9617742203027367
1.083                    81                       304.66713211382114       0.9587817734005516       0.9613589299197701
1.083                    85.99999999999999        304.66713211382114       0.9585417908729932       0.960966818311559
1.083                    91                       304.66713211382114       0.958311483562204        0.9605961013976957
1.083                    96                       304.66713211382114       0.9580900931443451       0.9602450894532584
1.084                    0.9999999999999999       304.66713211382114       0.9654192362072028       0.9614298971525231
1.084                    6                        304.66713211382114       0.9648093015536318       0.9658692113302636
1.084                    11                       304.66713211382114       0.9642337600525323       0.967565444842332
1.084                    15.999999999999998       304.66713211382114       0.9636927843398245       0.9680133498677848
1.084                    21                       304.66713211382114       0.9631851403941952       0.9678667007043993
1.084                    25.999999999999996       304.66713211382114       0.9627089083530636       0.9674342850574411
1.084                    30.999999999999996       304.66713211382114       0.962261884846014        0.9668700861525718
1.084                    36                       304.66713211382114       0.9618418058597318       0.9662536774537003
1.084                    41                       304.66713211382114       0.9614464672391455       0.9656269242213557
1.084                    45.99999999999999        304.66713211382114       0.961073786443428        0.9650117996656637
1.084                    50.99999999999999        304.66713211382114       0.960721830430408        0.9644194717823399
1.084                    56                       304.66713211382114       0.9603888242671247       0.9638551264021776
1.084                    60.99999999999999        304.66713211382114       0.960073148952443        0.9633206099255959
1.084                    66                       304.66713211382114       0.9597733335415531       0.9628159138021533
1.084                    70.99999999999999        304.66713211382114       0.9594880444622713       0.9623400236744766
1.084                    76                       304.66713211382114       0.9592160738141573       0.9618914107917225
1.084                    81                       304.66713211382114       0.9589563276207671       0.9614683175636602
1.084                    85.99999999999999        304.66713211382114       0.9587078145518932       0.9610689226030718
1.084                    91                       304.66713211382114       0.95846963544776         0.9606914344092577
1.084                    96                       304.66713211382114       0.9582409737026312       0.9603341423715606
1.085                    0.9999999999999999       304.66713211382114       0.9658569652847984       0.9589419749646678
1.085                    6                        304.66713211382114       0.9652248850101167       0.9648255384138575
1.085                    11                       304.66713211382114       0.9646251323192085       0.9671605076166024
1.085                    15.999999999999998       304.66713211382114       0.9640597474780178       0.9679109989543844
1.085                    21                       304.66713211382114       0.9635284819891655       0.9679129504337818
1.085                    25.999999999999996       304.66713211382114       0.9630299071429773       0.9675536387780188
1.085                    30.999999999999996       304.66713211382114       0.9625620319910781       0.9670236927759553
1.085                    36                       304.66713211382114       0.9621226485129751       0.9664208948672585
1.085                    41                       304.66713211382114       0.9617095224895482       0.9657966072830594
1.085                    45.99999999999999        304.66713211382114       0.9613204961081172       0.9651779442889696
1.085                    50.99999999999999        304.66713211382114       0.9609535396132869       0.9645789347009179
1.085                    56                       304.66713211382114       0.9606067736644102       0.9640063860490155
1.085                    60.99999999999999        304.66713211382114       0.960278474964972        0.9634630724109234
1.085                    66                       304.66713211382114       0.9599670726630692       0.9629495147838915
1.085                    70.99999999999999        304.66713211382114       0.959671139827955        0.9624649957955526
1.085                    76                       304.66713211382114       0.959389382670276        0.9620081461508988
1.085                    81                       304.66713211382114       0.9591206289825345       0.9615772858952046
1.085                    85.99999999999999        304.66713211382114       0.9588638166410652       0.9611706226735725
1.085                    91                       304.66713211382114       0.958617982691248        0.9607863654805058
1.085                    96                       304.66713211382114       0.9583822531892074       0.9604227878961014
1.086                    0.9999999999999999       304.66713211382114       0.9662688337248558       0.9557524509167118
1.086                    6                        304.66713211382114       0.9656198509756194       0.963483591964668
1.086                    11                       304.66713211382114       0.9649991870676021       0.9666149305871519
1.086                    15.999999999999998       304.66713211382114       0.9644115506377545       0.967737086315019
1.086                    21                       304.66713211382114       0.9638581320181755       0.967920644916518
1.086                    25.999999999999996       304.66713211382114       0.9633382570603333       0.9676512916311146
1.086                    30.999999999999996       304.66713211382114       0.9628503038024059       0.9671646611375218
1.086                    36                       304.66713211382114       0.9623922151340422       0.9665805474089623
1.086                    41                       304.66713211382114       0.9619617853338523       0.9659616557567285
1.086                    45.99999999999999        304.66713211382114       0.9615568180240368       0.9653411871952841
1.086                    50.99999999999999        304.66713211382114       0.9611752100840385       0.9647365379278061
1.086                    56                       304.66713211382114       0.9608149928261657       0.9641564188873413
1.086                    60.99999999999999        304.66713211382114       0.9604743485134719       0.9636046935172733
1.086                    66                       304.66713211382114       0.9601516129280078       0.963082507676141
1.086                    70.99999999999999        304.66713211382114       0.9598452702000672       0.9625894984427076
1.086                    76                       304.66713211382114       0.9595539436897633       0.962124491284644
1.086                    81                       304.66713211382114       0.9592763850960587       0.9616859059137981
1.086                    85.99999999999999        304.66713211382114       0.9590114630437194       0.9612719929249885
1.086                    91                       304.66713211382114       0.9587581519287774       0.9608809706822888
1.086                    96                       304.66713211382114       0.958515521347249        0.9605111026485542
1.087                    0.9999999999999999       304.66713211382114       0.9666544833428364       0.9516688248791031
1.087                    6                        304.66713211382114       0.9659948815877992       0.9617747379267919
1.087                    11                       304.66713211382114       0.9653571565619596       0.9659007220400742
1.087                    15.999999999999998       304.66713211382114       0.9647497125616044       0.9674789805205037
1.087                    21                       304.66713211382114       0.9641757501242684       0.9678836325016138
1.087                    25.999999999999996       304.66713211382114       0.9636356767177836       0.9677240726385665
1.087                    30.999999999999996       304.66713211382114       0.9631284312477626       0.9672912896425627
1.087                    36                       304.66713211382114       0.9626522225186717       0.9667316996295803
1.087                    41                       304.66713211382114       0.9622049435302819       0.9661215523848609
1.087                    45.99999999999999        304.66713211382114       0.961784402930077        0.9655012480990369
1.087                    50.99999999999999        304.66713211382114       0.9613884516920379       0.964892139596365
1.087                    56                       304.66713211382114       0.9610150493155578       0.9643051658702709
1.087                    60.99999999999999        304.66713211382114       0.9606622949638569       0.9637454646488016
1.087                    66                       304.66713211382114       0.9603284384839424       0.9632149149801695
1.087                    70.99999999999999        304.66713211382114       0.9600118799992428       0.9627135733766424
1.087                    76                       304.66713211382114       0.9597111633439398       0.9622404998334986
1.087                    81                       304.66713211382114       0.9594249664018943       0.9617942384670279
1.087                    85.99999999999999        304.66713211382114       0.9591520901403376       0.9613730984184489
1.087                    91                       304.66713211382114       0.9588914474470172       0.9609753173553479
1.087                    96                       304.66713211382114       0.9586420522987039       0.9605991549955124
1.088                    0.9999999999999999       304.66713211382114       0.9670126068985279       0.9464368213167274
1.088                    6                        304.66713211382114       0.9663499710911014       0.9596121881825079
1.088                    11                       304.66713211382114       0.9656997254081157       0.964983617860906
1.088                    15.999999999999998       304.66713211382114       0.9650752848395134       0.9671215851213796
1.088                    21                       304.66713211382114       0.9644825784336885       0.9677946868584065
1.088                    25.999999999999996       304.66713211382114       0.9639235001835952       0.967768300029823
1.088                    30.999999999999996       304.66713211382114       0.9633977843302466       0.9674016150328969
1.088                    36                       304.66713211382114       0.9629040445354125       0.9668732725964265
1.088                    41                       304.66713211382114       0.9624403565140308       0.9662756959690196
1.088                    45.99999999999999        304.66713211382114       0.9620045856024982       0.9656577943794467
1.088                    50.99999999999999        304.66713211382114       0.9615945691335493       0.9650455630754786
1.088                    56                       304.66713211382114       0.9612082152163723       0.9644525433677663
1.088                    60.99999999999999        304.66713211382114       0.9608435530005774       0.9638853587616618
1.088                    66                       304.66713211382114       0.9604987548809177       0.963346744583426
1.088                    70.99999999999999        304.66713211382114       0.9601721425325663       0.9628372502273478
1.088                    76                       304.66713211382114       0.959862183950421        0.9623562149718837
1.088                    81                       304.66713211382114       0.9595674856791923       0.9619023350922842
1.088                    85.99999999999999        304.66713211382114       0.959286782715747        0.9614739957346072
1.088                    91                       304.66713211382114       0.9590189276108403       0.9610694649756223
1.088                    96                       304.66713211382114       0.9587628795520072       0.9606870059100828
1.089                    0.9999999999999999       304.66713211382114       0.9673409228026625       0.9397174147700899
1.089                    6                        304.66713211382114       0.9666844561817766       0.9568854413817883
1.089                    11                       304.66713211382114       0.9660270854380423       0.9638214783219387
1.089                    15.999999999999998       304.66713211382114       0.9653889176052974       0.9666468038613107
1.089                    21                       304.66713211382114       0.9647795117080357       0.967645306590215
1.089                    25.999999999999996       304.66713211382114       0.9642027485319817       0.9677796989317685
1.089                    30.999999999999996       304.66713211382114       0.9636594435214525       0.9674933760975875
1.089                    36                       304.66713211382114       0.963148782682695        0.9670040270623858
1.089                    41                       304.66713211382114       0.9626691247003271       0.9664233933479368
1.089                    45.99999999999999        304.66713211382114       0.9622184527275179       0.9658104372803191
1.089                    50.99999999999999        304.66713211382114       0.9617946283251649       0.9651965952874146
1.089                    56                       304.66713211382114       0.9613955319994242       0.9645984425945933
1.089                    60.99999999999999        304.66713211382114       0.9610191380096454       0.9640243303873842
1.089                    66                       304.66713211382114       0.9606635510162066       0.9634779901122166
1.089                    70.99999999999999        304.66713211382114       0.9603270205537756       0.9629605470290342
1.089                    76                       304.66713211382114       0.9600079429088222       0.9624716700450362
1.089                    81                       304.66713211382114       0.959704856018171        0.9620102387076126
1.089                    85.99999999999999        304.66713211382114       0.9594164307331171       0.961574733691162
1.089                    91                       304.66713211382114       0.9591414605006992       0.9611634658823487
1.089                    96                       304.66713211382114       0.9588788505651628       0.9607747097011912
1.09                     0.9999999999999999       304.66713211382114       0.967636103724308        0.9310542783858736
1.09                     6                        304.66713211382114       0.9669970151247702       0.9534527693545958
1.09                     11                       304.66713211382114       0.9663389656596154       0.9623622121214741
1.09                     15.999999999999998       304.66713211382114       0.9656909032373691       0.9660328715728932
1.09                     21                       304.66713211382114       0.9650671470525536       0.9674254711271866
1.09                     25.999999999999996       304.66713211382114       0.9644741818936889       0.967753303094448
1.09                     30.999999999999996       304.66713211382114       0.9639142523623974       0.9675639709345589
1.09                     36                       304.66713211382114       0.9633873183443679       0.9671225437774733
1.09                     41                       304.66713211382114       0.9628921409472682       0.9665638499831102
1.09                     45.99999999999999        304.66713211382114       0.9624268933537272       0.9659587273583595
1.09                     50.99999999999999        304.66713211382114       0.9619895057506044       0.9653449845788182
1.09                     56                       304.66713211382114       0.9615778587341944       0.9647427287368263
1.09                     60.99999999999999        304.66713211382114       0.9611898891620171       0.9641623154353967
1.09                     66                       304.66713211382114       0.9608236451193114       0.9636086311034596
1.09                     70.99999999999999        304.66713211382114       0.9604773111879217       0.9630834706000937
1.09                     76                       304.66713211382114       0.9601492166099775       0.9625868890645963
1.09                     81                       304.66713211382114       0.9598378337630448       0.9621179841720203
1.09                     85.99999999999999        304.66713211382114       0.9595417713582087       0.9616753539380904
1.09                     91                       304.66713211382114       0.9592597650680404       0.9612573658898192
1.09                     96                       304.66713211382114       0.9589906670811608       0.9608623146301489
1.091                    0.9999999999999999       304.66713211382114       0.9678936579727057       0.919827482479222
1.091                    6                        304.66713211382114       0.9672856386191411       0.9491309820095525
1.091                    11                       304.66713211382114       0.9666346417077543       0.9605410701644669
1.091                    15.999999999999998       304.66713211382114       0.9659812030274398       0.9652535127341326
1.091                    21                       304.66713211382114       0.9653458183151749       0.9671233422867086
1.091                    25.999999999999996       304.66713211382114       0.9647383371722482       0.9676833373118883
1.091                    30.999999999999996       304.66713211382114       0.9641628563644725       0.9676104066100083
1.091                    36                       304.66713211382114       0.9636203518169918       0.9672272005100767
1.091                    41                       304.66713211382114       0.9631101291766162       0.9666961589869059
1.091                    45.99999999999999        304.66713211382114       0.9626306368414222       0.9661021491219367
1.091                    50.99999999999999        304.66713211382114       0.9621799256132282       0.9654904381227004
1.091                    56                       304.66713211382114       0.9617559083949406       0.9648852397781634
1.091                    60.99999999999999        304.66713211382114       0.9613565048636895       0.9642992307789238
1.091                    66                       304.66713211382114       0.9609797193603751       0.9637386330103005
1.091                    70.99999999999999        304.66713211382114       0.9606236797244406       0.9632060167828107
1.091                    76                       304.66713211382114       0.9602866534464941       0.9627018870822335
1.091                    81                       304.66713211382114       0.959967050775137        0.9622255987343367
1.091                    85.99999999999999        304.66713211382114       0.9596634205146234       0.9617758914475967
1.091                    91                       304.66713211382114       0.9593744420203242       0.961351204798999
1.091                    96                       304.66713211382114       0.9590989153796116       0.9609498634334765
1.092                    0.9999999999999999       304.66713211382114       0.9681077589590172       0.9051877031101395
1.092                    6                        304.66713211382114       0.9675475731156005       0.9436813809341835
1.092                    11                       304.66713211382114       0.9669129273695022       0.9582770933011583
1.092                    15.999999999999998       304.66713211382114       0.966259460061985        0.9642768775746227
1.092                    21                       304.66713211382114       0.965615618658177        0.9667248979716171
1.092                    25.999999999999996       304.66713211382114       0.9649955549704067       0.967563076390814
1.092                    30.999999999999996       304.66713211382114       0.9644057317464785       0.9676292398055801
1.092                    36                       304.66713211382114       0.9638484316040489       0.9673161452656366
1.092                    41                       304.66713211382114       0.9633236735946646       0.9668192883947014
1.092                    45.99999999999999        304.66713211382114       0.9628302816915445       0.9662401147824382
1.092                    50.99999999999999        304.66713211382114       0.9623664881161984       0.96563261882915
1.092                    56                       304.66713211382114       0.9619302755202331       0.9650257850234032
1.092                    60.99999999999999        304.66713211382114       0.9615195697722801       0.96443497363546
1.092                    66                       304.66713211382114       0.9611323462209633       0.9638679470520212
1.092                    70.99999999999999        304.66713211382114       0.9607666853583812       0.9633281705579486
1.092                    76                       304.66713211382114       0.9604207989477257       0.9628166704545086
1.092                    81                       304.66713211382114       0.9600930389897901       0.9623331023847591
1.092                    85.99999999999999        304.66713211382114       0.9597818968888793       0.9618763749149737
1.092                    91                       304.66713211382114       0.9594859973041922       0.9614450168254696
1.092                    96                       304.66713211382114       0.9592040892680046       0.9610373937634853
1.093                    0.9999999999999999       304.66713211382114       0.968271014370303        0.8859636750941383
1.093                    6                        304.66713211382114       0.967779235349998        0.9367903557137696
1.093                    11                       304.66713211382114       0.9671721493615563       0.955468416725078
1.093                    15.999999999999998       304.66713211382114       0.9665250003575532       0.9630641893115947
1.093                    21                       304.66713211382114       0.9658764136514424       0.9662134806726226
1.093                    25.999999999999996       304.66713211382114       0.9652459981760906       0.9673846754964778
1.093                    30.999999999999996       304.66713211382114       0.9646432064728544       0.9676165067306421
1.093                    36                       304.66713211382114       0.9640719764225074       0.967387265073357
1.093                    41                       304.66713211382114       0.9635332409227301       0.9669320664409248
1.093                    45.99999999999999        304.66713211382114       0.9630263176215985       0.9663719570256765
1.093                    50.99999999999999        304.66713211382114       0.96254969119111         0.9657711417269269
1.093                    56                       304.66713211382114       0.9621014575019828       0.9651641433086199
1.093                    60.99999999999999        304.66713211382114       0.9616795756040181       0.9645694207427767
1.093                    66                       304.66713211382114       0.961282008811793        0.9639965099166977
1.093                    70.99999999999999        304.66713211382114       0.9609068010227222       0.9634499060418616
1.093                    76                       304.66713211382114       0.9605521151404907       0.9629312370094735
1.093                    81                       304.66713211382114       0.9602162493233944       0.9624405081192519
1.093                    85.99999999999999        304.66713211382114       0.9598976404070322       0.9619768270800916
1.093                    91                       304.66713211382114       0.9595948601735765       0.9615388309531836
1.093                    96                       304.66713211382114       0.959306607763752        0.9611249385596591
1.094                    0.9999999999999999       304.66713211382114       0.9683741624877832       0.8605355372797378
1.094                    6                        304.66713211382114       0.9679760950225789       0.9280424472466624
1.094                    11                       304.66713211382114       0.9674101054153604       0.9519860194676387
1.094                    15.999999999999998       304.66713211382114       0.9667768234046562       0.9615680139715884
1.094                    21                       304.66713211382114       0.9661278464435509       0.9655692384628779
1.094                    25.999999999999996       304.66713211382114       0.9654896639051809       0.9671389654125846
1.094                    30.999999999999996       304.66713211382114       0.9648754753288875       0.9675676402000289
1.094                    36                       304.66713211382114       0.9642912916525251       0.9674381495940132
1.094                    41                       304.66713211382114       0.9637391973454487       0.9670331645518073
1.094                    45.99999999999999        304.66713211382114       0.9632191425648137       0.9664969206869791
1.094                    50.99999999999999        304.66713211382114       0.9627299473208433       0.9659055697744068
1.094                    56                       304.66713211382114       0.9622698711147445       0.9653000608846373
1.094                    60.99999999999999        304.66713211382114       0.9618369373165337       0.9647024273264279
1.094                    66                       304.66713211382114       0.9614291166833372       0.9641242433191487
1.094                    70.99999999999999        304.66713211382114       0.9610444288254177       0.9635711863759826
1.094                    76                       304.66713211382114       0.9606809956190369       0.9630455761248999
1.094                    81                       304.66713211382114       0.9603370663887533       0.9625478221278725
1.094                    85.99999999999999        304.66713211382114       0.9600110266112644       0.9620772649799164
1.094                    91                       304.66713211382114       0.9597013972444014       0.9616326712243387
1.094                    96                       304.66713211382114       0.9594068288443087       0.9612125263605544
1.095                    0.9999999999999999       304.66713211382114       0.9684056779194664       0.826672323204979
1.095                    6                        304.66713211382114       0.9681325206212853       0.9168828759255303
1.095                    11                       304.66713211382114       0.9676240047358223       0.9476653473350719
1.095                    15.999999999999998       304.66713211382114       0.9670135825882809       0.9597300340970965
1.095                    21                       304.66713211382114       0.9663693359894955       0.9647684296223018
1.095                    25.999999999999996       304.66713211382114       0.9657263899649523       0.9668152045993711
1.095                    30.999999999999996       304.66713211382114       0.9651026102571744       0.9674773712963469
1.095                    36                       304.66713211382114       0.9645065814673239       0.9674660486422093
1.095                    41                       304.66713211382114       0.963941821403294        0.967121077711184
1.095                    45.99999999999999        304.66713211382114       0.9634090758032511       0.9666141531955377
1.095                    50.99999999999999        304.66713211382114       0.9629075966396073       0.9660354090403315
1.095                    56                       304.66713211382114       0.962435865444886        0.9654332489511074
1.095                    60.99999999999999        304.66713211382114       0.9619920057942457       0.9648338258569664
1.095                    66                       304.66713211382114       0.9615740182392489       0.964251053417548
1.095                    70.99999999999999        304.66713211382114       0.9611799121767608       0.9636919635112536
1.095                    76                       304.66713211382114       0.9608077773874079       0.963159668723839
1.095                    81                       304.66713211382114       0.960455820060289        0.962655043913522
1.095                    85.99999999999999        304.66713211382114       0.9601223779564863       0.9621777001393752
1.095                    91                       304.66713211382114       0.9598059235356693       0.9617265569734982
1.095                    96                       304.66713211382114       0.9595050602462976       0.9613001815620742
1.096                    0.9999999999999999       304.66713211382114       0.9683512623814391       0.7813546391107284
1.096                    6                        304.66713211382114       0.9682415811837027       0.9025655651483665
1.096                    11                       304.66713211382114       0.9678103889372808       0.9422950145166308
1.096                    15.999999999999998       304.66713211382114       0.9672335553832141       0.957478166366398
1.096                    21                       304.66713211382114       0.9666000688731967       0.9637825533501263
1.096                    25.999999999999996       304.66713211382114       0.9659558566168985       0.9664007778214889
1.096                    30.999999999999996       304.66713211382114       0.9653245668220974       0.9673396124517788
1.096                    36                       304.66713211382114       0.9647179575323918       0.9674678225335903
1.096                    41                       304.66713211382114       0.9641413137192902       0.967194101792599
1.096                    45.99999999999999        304.66713211382114       0.9635963681081366       0.9667226936243022
1.096                    50.99999999999999        304.66713211382114       0.9630829171731817       0.9661601031961218
1.096                    56                       304.66713211382114       0.9625997320618382       0.9655633808162626
1.096                    60.99999999999999        304.66713211382114       0.9621450778666493       0.9649634245858412
1.096                    66                       304.66713211382114       0.9617170105577343       0.9643768300878657
1.096                    70.99999999999999        304.66713211382114       0.9613135453963522       0.9638121778918785
1.096                    76                       304.66713211382114       0.960932750245879        0.9632734871924182
1.096                    81                       304.66713211382114       0.9605727946416452       0.9627621663457203
1.096                    85.99999999999999        304.66713211382114       0.9602319727666105       0.9622781387071163
1.096                    91                       304.66713211382114       0.9599087112228494       0.9618205030115252
1.096                    96                       304.66713211382114       0.9596015680260265       0.9613879246310841
1.097                    0.9999999999999999       304.66713211382114       0.9681931873342453       0.7206713865994352
1.097                    6                        304.66713211382114       0.9682947941132912       0.8840818860979658
1.097                    11                       304.66713211382114       0.9679650305439763       0.9356014820628408
1.097                    15.999999999999998       304.66713211382114       0.9674346026980735       0.9547228065025765
1.097                    21                       304.66713211382114       0.9668189849134938       0.9625772575112232
1.097                    25.999999999999996       304.66713211382114       0.9661775841273083       0.9658808283947401
1.097                    30.999999999999996       304.66713211382114       0.965541187401427        0.9671473180406741
1.097                    36                       304.66713211382114       0.964925444914291        0.9674398839410163
1.097                    41                       304.66713211382114       0.9643378042058757       0.9672503073718881
1.097                    45.99999999999999        304.66713211382114       0.9637812095334813       0.9668214601541973
1.097                    50.99999999999999        304.66713211382114       0.9632561328483064       0.9662790272270554
1.097                    56                       304.66713211382114       0.9627617130524609       0.9656900886487887
1.097                    60.99999999999999        304.66713211382114       0.962296404265253        0.9650910058463986
1.097                    66                       304.66713211382114       0.961858347215552        0.9645014460511068
1.097                    70.99999999999999        304.66713211382114       0.9614455813790467       0.9639317580394338
1.097                    76                       304.66713211382114       0.9610561642890548       0.963386995223745
1.097                    81                       304.66713211382114       0.9606882361927347       0.9628691756571068
1.097                    85.99999999999999        304.66713211382114       0.9603400523947538       0.9623785815412702
1.097                    91                       304.66713211382114       0.9600099966361152       0.9619145197654836
1.097                    96                       304.66713211382114       0.9596965834029624       0.9614757722772611
1.098                    0.9999999999999999       304.66713211382114       0.9679094433357602       0.6400488052763599
1.098                    6                        304.66713211382114       0.9682818057856026       0.8600656934688802
1.098                    11                       304.66713211382114       0.9680828049854526       0.9272281999336048
1.098                    15.999999999999998       304.66713211382114       0.9676141162362983       0.9513519069963666
1.098                    21                       304.66713211382114       0.9670247564388019       0.9611109589656649
1.098                    25.999999999999996       304.66713211382114       0.9663909263683916       0.9652378075852202
1.098                    30.999999999999996       304.66713211382114       0.9657522015121864       0.9668923176533237
1.098                    36                       304.66713211382114       0.965128985657678        0.9673781296658672
1.098                    41                       304.66713211382114       0.9645313572288602       0.9672875094417346
1.098                    45.99999999999999        304.66713211382114       0.9639637353373336       0.9669092357271655
1.098                    50.99999999999999        304.66713211382114       0.9634274197451245       0.966391480286991
1.098                    56                       304.66713211382114       0.9629220073793018       0.965812959782973
1.098                    60.99999999999999        304.66713211382114       0.96244619596624         0.9652163241071177
1.098                    66                       304.66713211382114       0.9619982445548576       0.9646247558500832
1.098                    70.99999999999999        304.66713211382114       0.9615762377513579       0.9640506200373068
1.098                    76                       304.66713211382114       0.9611782359355457       0.9635001475901297
1.098                    81                       304.66713211382114       0.9608023584292742       0.9629760513826339
1.098                    85.99999999999999        304.66713211382114       0.9604468269898109       0.9624790242486406
1.098                    91                       304.66713211382114       0.9601099858982926       0.9620086133781105
1.098                    96                       304.66713211382114       0.9597903082735058       0.9615637375896926
1.099                    0.9999999999999999       304.66713211382114       0.967472634524156        0.5354122443987942
1.099                    6                        304.66713211382114       0.9681899872867235       0.8286744285909647
1.099                    11                       304.66713211382114       0.9681575306316224       0.9167071764687882
1.099                    15.999999999999998       304.66713211382114       0.9677689522038126       0.9472244863243034
1.099                    21                       304.66713211382114       0.9672157608416397       0.9593330913911602
1.099                    25.999999999999996       304.66713211382114       0.9665950605454056       0.9644509201233966
1.099                    30.999999999999996       304.66713211382114       0.9659572235245831       0.9665651160453375
1.099                    36                       304.66713211382114       0.9653284403534047       0.9672778603906871
1.099                    41                       304.66713211382114       0.9647219750762608       0.9673032323404347
1.099                    45.99999999999999        304.66713211382114       0.9641440303856407       0.9669846516209119
1.099                    50.99999999999999        304.66713211382114       0.9635969109441224       0.9664966775700105
1.099                    56                       304.66713211382114       0.9630807759090535       0.9659315325307127
1.099                    60.99999999999999        304.66713211382114       0.9625946292649437       0.9653391037552529
1.099                    66                       304.66713211382114       0.962136886725037        0.9647465946677598
1.099                    70.99999999999999        304.66713211382114       0.9617057018429924       0.9641686669128896
1.099                    76                       304.66713211382114       0.9612991528089345       0.9636128898440259
1.099                    81                       304.66713211382114       0.9609153475020485       0.9630827662455899
1.099                    85.99999999999999        304.66713211382114       0.9605524801729585       0.9625794571811445
1.099                    91                       304.66713211382114       0.9602088594988097       0.9621027857706714
1.099                    96                       304.66713211382114       0.9598829196856882       0.961651830139941
1.1                      0.9999999999999999       304.66713211382114       0.9668485337621201       0.4063023086027086
1.1                      6                        304.66713211382114       0.9680039218241475       0.7874609332054481
1.1                      11                       304.66713211382114       0.9681817696979776       0.9034203486253171
1.1                      15.999999999999998       304.66713211382114       0.9678953490798937       0.9421620225974434
1.1                      21                       304.66713211382114       0.9673900457479492       0.9571818677574206
1.1                      25.999999999999996       304.66713211382114       0.9667889729655751       0.9634954388410368
1.1                      30.999999999999996       304.66713211382114       0.9661557478967855       0.9661546522861038
1.1                      36                       304.66713211382114       0.965523587916967        0.967133686060617
1.1                      41                       304.66713211382114       0.9649095999821887       0.9672946690708856
1.1                      45.99999999999999        304.66713211382114       0.9643221323006164       0.9670461686329822
1.1                      50.99999999999999        304.66713211382114       0.9637647002274798       0.9665937410835884
1.1                      56                       304.66713211382114       0.9632381453733246       0.9660452914473178
1.1                      60.99999999999999        304.66713211382114       0.9627418498317667       0.9654590365883027
1.1                      66                       304.66713211382114       0.9622744297510748       0.9648667769765196
1.1                      70.99999999999999        304.66713211382114       0.961834134718517        0.9642857879152146
1.1                      76                       304.66713211382114       0.9614190777078014       0.9637251579483818
1.1                      81                       304.66713211382114       0.9610273658928266       0.9631892859927113
1.1                      85.99999999999999        304.66713211382114       0.9606571728538146       0.9626798653911345
1.1                      91                       304.66713211382114       0.9603067760284468       0.9621970346718732
1.1                      96                       304.66713211382114       0.9599745734933792       0.9617400560563699
