0.000000000000000000e+00,1.315375589880832252e-01
1.000000000000000000e+00,5.363782761649888986e-01
2.000000000000000000e+00,3.722055269680883405e-01
3.000000000000000000e+00,-8.555468027899179595e-02
4.000000000000000000e+00,2.087360550178084528e-01
5.000000000000000000e+00,-3.231306533952355009e-01
6.000000000000000000e+00,3.777024078530065720e-01
7.000000000000000000e+00,-3.898882870066569528e-01
8.000000000000000000e+00,-1.144323179284520542e+00
9.000000000000000000e+00,-4.416925677933630223e-01
1.000000000000000000e+01,-5.106451411686978303e-02
1.100000000000000000e+01,-8.250117290259217917e-02
1.200000000000000000e+01,-1.163281901547341957e-01
1.300000000000000000e+01,2.274766075941353494e-01
1.400000000000000000e+01,6.809715630301521605e-02
1.500000000000000000e+01,3.803020820695557358e-01
1.600000000000000000e+01,-3.679643053816794573e-02
1.700000000000000000e+01,2.379330507425944097e-01
1.800000000000000000e+01,-1.539348320177988116e-01
1.900000000000000000e+01,-6.157624299294548464e-01
2.000000000000000000e+01,1.418947112075002459e-01
2.100000000000000000e+01,1.141102505821398883e-01
2.200000000000000000e+01,2.518365591311934049e-01
2.300000000000000000e+01,-8.224584793789169179e-01
2.400000000000000000e+01,-5.199020752675843626e-01
2.500000000000000000e+01,-2.336771458255161582e-01
2.600000000000000000e+01,-8.521891183392699132e-02
2.700000000000000000e+01,3.197583329850874900e-01
2.800000000000000000e+01,-6.279302432808903101e-01
2.900000000000000000e+01,-6.095502753897183434e-02
3.000000000000000000e+01,-3.387720740633179961e-01
3.100000000000000000e+01,4.096428659611228706e-02
3.200000000000000000e+01,4.170178666760529507e-02
3.300000000000000000e+01,-4.223493477205640945e-01
3.400000000000000000e+01,-5.203995386888841113e-01
3.500000000000000000e+01,1.800789899316669329e-01
3.600000000000000000e+01,-3.059384437590083050e-01
3.700000000000000000e+01,-1.070547387382109472e-01
3.800000000000000000e+01,7.906129184100477159e-02
3.900000000000000000e+01,-9.718759516254843467e-02
4.000000000000000000e+01,-7.419428971438941645e-01
4.100000000000000000e+01,7.675805170265261879e-01
4.200000000000000000e+01,2.878672252291994971e-01
4.300000000000000000e+01,2.652899325230252403e-01
4.400000000000000000e+01,-4.033978920253869505e-01
4.500000000000000000e+01,1.680679929835040588e-04
4.600000000000000000e+01,-4.947099139680211088e-02
4.700000000000000000e+01,3.764873186415024775e-01
4.800000000000000000e+01,-3.645226819993239720e-01
4.900000000000000000e+01,-5.112425881799360639e-01
5.000000000000000000e+01,-2.499801807595942726e-01
5.100000000000000000e+01,4.955850836652603841e-01
5.200000000000000000e+01,-1.814426798094706250e-01
5.300000000000000000e+01,1.990980501046737128e-01
5.400000000000000000e+01,-1.195478116828859738e+00
5.500000000000000000e+01,-4.597793942531004374e-01
5.600000000000000000e+01,7.121698584648847863e-01
5.700000000000000000e+01,4.798176843364609923e-01
5.800000000000000000e+01,-9.569829998414114414e-02
5.900000000000000000e+01,-3.499824868003136857e-01
6.000000000000000000e+01,2.812103426748658319e-01
6.100000000000000000e+01,2.606503243826386318e-01
6.200000000000000000e+01,-1.067308142989986108e-01
6.300000000000000000e+01,-2.782824874183644770e-01
6.400000000000000000e+01,-4.566161801255671504e-01
6.500000000000000000e+01,-1.932483967987375095e-01
6.600000000000000000e+01,2.992034373976686368e-01
6.700000000000000000e+01,1.051944608881678483e-01
6.800000000000000000e+01,-3.111635776838529988e-01
6.900000000000000000e+01,1.271549292997097291e-01
7.000000000000000000e+01,5.214241222181421609e-01
7.100000000000000000e+01,5.499011782133300663e-02
7.200000000000000000e+01,2.733458843016448592e-01
7.300000000000000000e+01,-1.812293447859845974e-01
7.400000000000000000e+01,-8.296005809864609448e-02
7.500000000000000000e+01,-4.694227769273594530e-01
7.600000000000000000e+01,5.208332643449662402e-01
7.700000000000000000e+01,4.872275305329427653e-01
7.800000000000000000e+01,-5.847315811557979304e-01
7.900000000000000000e+01,-1.264817541356351716e-01
8.000000000000000000e+01,-2.682087626902195376e-01
8.100000000000000000e+01,8.369662535896993383e-01
8.200000000000000000e+01,6.847840813907118962e-02
8.300000000000000000e+01,1.607442173120401663e-01
8.400000000000000000e+01,-5.275811779839058024e-01
8.500000000000000000e+01,5.700353177725238085e-01
8.600000000000000000e+01,1.554673676241349889e-01
8.700000000000000000e+01,3.463060582543765475e-01
8.800000000000000000e+01,-3.485807837443558599e-01
8.900000000000000000e+01,-3.466143599639364137e-01
9.000000000000000000e+01,-1.958630183448467899e-01
9.100000000000000000e+01,2.478542149716865262e-01
9.200000000000000000e+01,3.927416407249199048e-01
9.300000000000000000e+01,-1.269724829202570904e-01
9.400000000000000000e+01,5.245109759398636218e-02
9.500000000000000000e+01,-1.873934444101034436e-01
9.600000000000000000e+01,1.687234124021410042e-01
9.700000000000000000e+01,2.939556284319917445e-01
9.800000000000000000e+01,4.484275421426217600e-02
9.900000000000000000e+01,1.544150843385506677e-01
1.000000000000000000e+02,1.698409972667368206e-02
1.010000000000000000e+02,7.506645930542966694e-01
1.020000000000000000e+02,-2.560320152974173702e-01
1.030000000000000000e+02,-2.922047134912862942e-01
1.040000000000000000e+02,-6.852653968271358309e-01
1.050000000000000000e+02,1.164300440012233873e+00
1.060000000000000000e+02,4.116567672201308925e-01
1.070000000000000000e+02,-2.033323333410477773e-02
1.080000000000000000e+02,-4.782976986711623413e-01
1.090000000000000000e+02,-2.303138123984623808e-01
1.100000000000000000e+02,1.321381184255357166e-01
1.110000000000000000e+02,7.322087668438833630e-01
1.120000000000000000e+02,-2.390476069223073097e-01
1.130000000000000000e+02,-3.231734537851711497e-01
1.140000000000000000e+02,-6.363868556544178823e-01
1.150000000000000000e+02,2.212591234125529660e-01
1.160000000000000000e+02,3.003820710664656946e-01
1.170000000000000000e+02,6.760658373886900829e-01
1.180000000000000000e+02,5.280947475252337209e-02
1.190000000000000000e+02,-1.014431281782701977e-01
1.200000000000000000e+02,-2.491614568355685622e-01
1.210000000000000000e+02,3.283759072729897643e-01
1.220000000000000000e+02,2.707280803217436693e-01
1.230000000000000000e+02,2.542904751747374625e-01
1.240000000000000000e+02,-1.112696285025551457e-01
1.250000000000000000e+02,-4.066675824476534973e-01
1.260000000000000000e+02,-6.003250613047073081e-03
1.270000000000000000e+02,3.312006397351990872e-01
1.280000000000000000e+02,-7.521869853368105818e-02
1.290000000000000000e+02,-1.266010324234679574e-01
1.300000000000000000e+02,-9.154443840141440747e-02
1.310000000000000000e+02,1.659489631329280346e-01
1.320000000000000000e+02,-1.026794708774824150e-01
1.330000000000000000e+02,-5.389198102506979060e-01
1.340000000000000000e+02,-3.313060166283302022e-01
1.350000000000000000e+02,8.809007909840441131e-02
1.360000000000000000e+02,3.112965423308137747e-01
1.370000000000000000e+02,-5.722426758465878893e-02
1.380000000000000000e+02,2.285138260517382836e-01
1.390000000000000000e+02,-1.396634427720890026e-01
1.400000000000000000e+02,1.216500410078981270e-01
1.410000000000000000e+02,7.713721141442466678e-01
1.420000000000000000e+02,4.785055047448760757e-01
1.430000000000000000e+02,-2.139895408086102402e-01
1.440000000000000000e+02,4.248210157955488731e-01
1.450000000000000000e+02,2.608811941461409642e-02
1.460000000000000000e+02,3.702726005728681491e-01
1.470000000000000000e+02,4.071409447006684723e-01
1.480000000000000000e+02,-3.809679880434973520e-01
1.490000000000000000e+02,3.769025107286715914e-01
1.500000000000000000e+02,-3.251488299594772480e-01
1.510000000000000000e+02,4.582805471434789890e-01
1.520000000000000000e+02,-3.527624948452180442e-01
1.530000000000000000e+02,-2.636284302940482549e-01
1.540000000000000000e+02,-6.112650877222607360e-01
1.550000000000000000e+02,-2.936800691800758312e-01
1.560000000000000000e+02,4.107811762733182270e-01
1.570000000000000000e+02,1.175592897095913414e-01
1.580000000000000000e+02,-2.434052072401726718e-02
1.590000000000000000e+02,-7.792547101919070629e-01
1.600000000000000000e+02,1.691397593642348512e-02
1.610000000000000000e+02,-1.106026458870275064e-01
1.620000000000000000e+02,5.321988405084183693e-01
1.630000000000000000e+02,6.035268989584302579e-01
1.640000000000000000e+02,-4.717628397735360024e-01
1.650000000000000000e+02,1.204762857460005138e-01
1.660000000000000000e+02,2.561367538802161170e-01
1.670000000000000000e+02,1.555288492975445691e-01
1.680000000000000000e+02,-6.821505541182197874e-01
1.690000000000000000e+02,-7.927598185831503663e-01
1.700000000000000000e+02,-4.641154672396010650e-01
1.710000000000000000e+02,3.811095991887242240e-01
1.720000000000000000e+02,6.953651834484866345e-01
1.730000000000000000e+02,-2.494000423148527990e-01
1.740000000000000000e+02,-6.132720042605666055e-02
1.750000000000000000e+02,-3.536919111608539945e-02
1.760000000000000000e+02,9.156278313571261096e-01
1.770000000000000000e+02,-7.298411656593931096e-02
1.780000000000000000e+02,4.196549202562031011e-01
1.790000000000000000e+02,-9.297116374398228800e-01
1.800000000000000000e+02,4.704921055363900373e-01
1.810000000000000000e+02,-3.067064963272447820e-02
1.820000000000000000e+02,6.140457100671574686e-01
1.830000000000000000e+02,-1.691004636363201974e-01
1.840000000000000000e+02,-2.165089925164747631e-01
1.850000000000000000e+02,5.709601991054574256e-03
1.860000000000000000e+02,3.007599362786612107e-01
1.870000000000000000e+02,-2.255182644926376490e-01
1.880000000000000000e+02,-4.363634172964281355e-01
1.890000000000000000e+02,-4.695381003682593812e-01
1.900000000000000000e+02,5.486364661845127833e-01
1.910000000000000000e+02,1.386294853489855317e-01
1.920000000000000000e+02,1.589213249239167791e-01
1.930000000000000000e+02,-6.543624648247466924e-01
1.940000000000000000e+02,-1.656596105927891915e-01
1.950000000000000000e+02,-3.932483942716244463e-01
1.960000000000000000e+02,3.375691303505110596e-01
1.970000000000000000e+02,7.394308605523296496e-01
1.980000000000000000e+02,-1.266036381561510826e-01
1.990000000000000000e+02,-8.640109725544935504e-01
2.000000000000000000e+02,-1.108186254833075507e-01
2.010000000000000000e+02,5.074054846769754379e-01
2.020000000000000000e+02,5.617528234524419295e-01
2.030000000000000000e+02,-9.368808369552562854e-02
2.040000000000000000e+02,-5.311174660820898730e-01
2.050000000000000000e+02,-2.295003746403190825e-01
2.060000000000000000e+02,1.785877294893378764e-03
2.070000000000000000e+02,-6.973745260460401107e-02
2.080000000000000000e+02,1.131619127706925687e-01
2.090000000000000000e+02,-3.802405738225100862e-01
2.100000000000000000e+02,-3.586813685511823224e-01
2.110000000000000000e+02,3.135864447331633276e-01
2.120000000000000000e+02,3.868248470075869028e-02
2.130000000000000000e+02,-3.798278276375098850e-01
2.140000000000000000e+02,-3.093088901101014865e-01
2.150000000000000000e+02,-3.562862073486417480e-01
2.160000000000000000e+02,1.524035897253545879e-01
2.170000000000000000e+02,2.455163018884698733e-01
2.180000000000000000e+02,-2.939267142265179489e-01
2.190000000000000000e+02,-3.686774045896110130e-01
2.200000000000000000e+02,1.783617557023933486e-01
2.210000000000000000e+02,3.983097013973532219e-01
2.220000000000000000e+02,3.117923126410501178e-01
2.230000000000000000e+02,-2.540527713785446506e-01
2.240000000000000000e+02,-2.853188478441008313e-01
2.250000000000000000e+02,1.166904359304944544e-01
2.260000000000000000e+02,9.426670908992704212e-02
2.270000000000000000e+02,1.975389044066242217e-01
2.280000000000000000e+02,-2.705567339330151588e-01
2.290000000000000000e+02,-3.900091457937877593e-01
2.300000000000000000e+02,1.318530886367673960e-01
2.310000000000000000e+02,3.902871375585992286e-01
2.320000000000000000e+02,5.571736435419203382e-01
2.330000000000000000e+02,2.250545812567129322e-01
2.340000000000000000e+02,-5.494887336293113878e-02
2.350000000000000000e+02,3.798376364458828230e-02
2.360000000000000000e+02,-2.182448162457389929e-02
2.370000000000000000e+02,5.927955250412074717e-01
2.380000000000000000e+02,1.448047291314814855e-01
2.390000000000000000e+02,-6.008010525059259699e-01
2.400000000000000000e+02,5.462241579967189731e-01
2.410000000000000000e+02,1.103416985526123884e-01
2.420000000000000000e+02,2.955958205335259548e-01
2.430000000000000000e+02,2.801758956073920892e-01
2.440000000000000000e+02,-1.673162756987649213e-01
2.450000000000000000e+02,-1.989027525690886256e-01
2.460000000000000000e+02,1.952423833838307365e-01
2.470000000000000000e+02,1.872882627215856355e-01
2.480000000000000000e+02,-5.374534948484481767e-01
2.490000000000000000e+02,4.661910196189611444e-03
2.500000000000000000e+02,-3.280601933110228186e-01
2.510000000000000000e+02,7.196107393923591999e-01
2.520000000000000000e+02,-1.498245665011079253e-01
2.530000000000000000e+02,2.488426123644716104e-01
2.540000000000000000e+02,-2.446766763322739124e-01
2.550000000000000000e+02,3.933263724655627902e-01
2.560000000000000000e+02,9.516375860993357971e-01
2.570000000000000000e+02,-2.686156637157477434e-01
2.580000000000000000e+02,-4.173253422707426941e-01
2.590000000000000000e+02,1.122482762086574049e-01
2.600000000000000000e+02,5.818462910748680716e-01
2.610000000000000000e+02,2.610553707889477493e-01
2.620000000000000000e+02,1.638966778365720245e-01
2.630000000000000000e+02,-1.799710978876772338e-01
2.640000000000000000e+02,1.018139653457544869e-02
2.650000000000000000e+02,-2.501555614790011428e-01
2.660000000000000000e+02,2.570092879213605741e-01
2.670000000000000000e+02,6.797915605293894381e-02
2.680000000000000000e+02,2.482868748648591195e-01
2.690000000000000000e+02,-4.183041497743165138e-01
2.700000000000000000e+02,-1.747930440009721198e-01
2.710000000000000000e+02,2.578131739884074736e-01
2.720000000000000000e+02,-2.212843376526530959e-01
2.730000000000000000e+02,-5.453217029461726595e-01
2.740000000000000000e+02,-2.069044361040454638e-01
2.750000000000000000e+02,-3.611718689188597731e-01
2.760000000000000000e+02,6.962000493725106764e-01
2.770000000000000000e+02,1.044400748413565616e-01
2.780000000000000000e+02,-4.169750642373720728e-01
2.790000000000000000e+02,-3.704872332510146249e-01
2.800000000000000000e+02,5.997789341157629822e-02
2.810000000000000000e+02,-1.541830237110662916e-01
2.820000000000000000e+02,5.395106411076189268e-02
2.830000000000000000e+02,-5.078181861104452688e-03
2.840000000000000000e+02,4.048561263845784630e-04
2.850000000000000000e+02,-1.654544633244925678e-01
2.860000000000000000e+02,9.017614167138998660e-02
2.870000000000000000e+02,-6.799413042122676165e-02
2.880000000000000000e+02,9.420300662544811576e-02
2.890000000000000000e+02,-6.001071900309062901e-01
2.900000000000000000e+02,-3.086282337394740116e-01
2.910000000000000000e+02,5.676244929260179095e-01
2.920000000000000000e+02,-3.987891734519474762e-02
2.930000000000000000e+02,-2.101869361745926923e-01
2.940000000000000000e+02,-7.906434016919716701e-02
2.950000000000000000e+02,-9.969212333872305709e-02
2.960000000000000000e+02,5.897029586463676809e-01
2.970000000000000000e+02,2.627289149574518756e-01
2.980000000000000000e+02,-6.347722325141220701e-01
2.990000000000000000e+02,1.473522925528885086e-01
3.000000000000000000e+02,-3.654867567720956889e-01
3.010000000000000000e+02,2.951649129036705288e-01
3.020000000000000000e+02,2.866364965549877963e-01
3.030000000000000000e+02,1.345198642681211254e-02
3.040000000000000000e+02,-7.608982322767418593e-02
3.050000000000000000e+02,-6.342842526003334980e-01
3.060000000000000000e+02,5.380877249663245099e-01
3.070000000000000000e+02,2.882034900439492398e-02
3.080000000000000000e+02,-3.175296673987663687e-01
3.090000000000000000e+02,-1.238878220836235056e-01
3.100000000000000000e+02,2.029193675179511991e-01
3.110000000000000000e+02,7.292759292588087972e-01
3.120000000000000000e+02,2.914975763981740853e-01
3.130000000000000000e+02,5.471308022846149699e-03
3.140000000000000000e+02,-2.111480503425871014e-01
3.150000000000000000e+02,5.796813692286562070e-01
3.160000000000000000e+02,8.331129359645822463e-02
3.170000000000000000e+02,7.101098144764151909e-01
3.180000000000000000e+02,-3.502522868199746675e-01
3.190000000000000000e+02,1.060018020700839170e-01
3.200000000000000000e+02,-8.963747003681630243e-01
3.210000000000000000e+02,2.945038153958879912e-01
3.220000000000000000e+02,-7.350049992520482633e-02
3.230000000000000000e+02,2.647255487738697788e-01
3.240000000000000000e+02,-5.354204399612375598e-01
3.250000000000000000e+02,3.397300789455328096e-01
3.260000000000000000e+02,6.401892180614080496e-01
3.270000000000000000e+02,-8.108038562669248051e-02
3.280000000000000000e+02,-6.730581008154478129e-01
3.290000000000000000e+02,-4.938948089764381155e-01
3.300000000000000000e+02,-1.417618546179533201e-01
3.310000000000000000e+02,7.561648302926784471e-01
3.320000000000000000e+02,3.022057003407356279e-01
3.330000000000000000e+02,-2.283165542455523889e-01
3.340000000000000000e+02,-2.433309748538015349e-01
3.350000000000000000e+02,1.429387674210335635e-01
3.360000000000000000e+02,3.078720543066025828e-01
3.370000000000000000e+02,5.832839799020943239e-02
3.380000000000000000e+02,-4.351134839430853551e-01
3.390000000000000000e+02,-4.223468479906996587e-01
3.400000000000000000e+02,-8.394456321194691817e-02
3.410000000000000000e+02,-2.252951024015759640e-01
3.420000000000000000e+02,3.181139045391739861e-01
3.430000000000000000e+02,-3.345084871622223122e-01
3.440000000000000000e+02,-4.340111770811738712e-01
3.450000000000000000e+02,-2.052761641080455002e-01
3.460000000000000000e+02,7.661978864495277985e-02
3.470000000000000000e+02,2.174052890775832747e-01
3.480000000000000000e+02,1.214608922920193124e-01
3.490000000000000000e+02,-2.092837744867733774e-01
3.500000000000000000e+02,-1.591868872484773489e-01
3.510000000000000000e+02,3.973787135741979615e-01
3.520000000000000000e+02,1.969846942724218231e-02
3.530000000000000000e+02,-4.230070927996996133e-01
3.540000000000000000e+02,-2.813765974111696599e-01
3.550000000000000000e+02,9.096187883722557307e-03
3.560000000000000000e+02,5.308373194345450408e-01
3.570000000000000000e+02,-8.095406729336426799e-02
3.580000000000000000e+02,-3.205857079760986439e-01
3.590000000000000000e+02,-3.268919296758955872e-01
3.600000000000000000e+02,1.300623202463471462e-01
3.610000000000000000e+02,8.926890510166589632e-01
3.620000000000000000e+02,-6.785339503907147352e-01
3.630000000000000000e+02,-1.161080148821506397e-01
3.640000000000000000e+02,-5.956035167983533274e-01
3.650000000000000000e+02,-2.857191937131377535e-01
3.660000000000000000e+02,3.880259208731262621e-02
3.670000000000000000e+02,3.399940088072858635e-02
3.680000000000000000e+02,-2.313583351733289328e-03
3.690000000000000000e+02,-2.000237646292611360e-01
3.700000000000000000e+02,2.385646193706951468e-01
3.710000000000000000e+02,2.540623271270042172e-01
3.720000000000000000e+02,-2.362458392799514362e-01
3.730000000000000000e+02,-7.328529001709370438e-02
3.740000000000000000e+02,-4.762127233872349708e-01
3.750000000000000000e+02,-9.185890003508709323e-02
3.760000000000000000e+02,9.826094505415103875e-01
3.770000000000000000e+02,-1.965702296337670518e-01
3.780000000000000000e+02,1.977550749168462685e-01
3.790000000000000000e+02,-5.729999858150184311e-01
3.800000000000000000e+02,-3.842927200702888624e-01
3.810000000000000000e+02,4.492455339788329338e-01
3.820000000000000000e+02,5.129872237569184090e-01
3.830000000000000000e+02,-4.241086675805053052e-01
3.840000000000000000e+02,-9.086627158118399938e-01
3.850000000000000000e+02,5.402308930214416716e-02
3.860000000000000000e+02,1.938799492944698333e-02
3.870000000000000000e+02,3.213839286238454052e-01
3.880000000000000000e+02,-5.692594760835358869e-01
3.890000000000000000e+02,-1.272509417669019705e+00
3.900000000000000000e+02,-2.381632073665568561e-01
3.910000000000000000e+02,-1.383894387764988965e-01
3.920000000000000000e+02,3.761139700812496378e-02
3.930000000000000000e+02,8.891983605664979806e-02
3.940000000000000000e+02,-2.044245804898641161e-01
3.950000000000000000e+02,3.294162304679928988e-02
3.960000000000000000e+02,3.171194363074514300e-01
3.970000000000000000e+02,-2.259248102854783946e-01
3.980000000000000000e+02,-1.184167064625324950e-01
3.990000000000000000e+02,1.807434222250595690e-01
4.000000000000000000e+02,5.833971736331760444e-02
4.010000000000000000e+02,5.659588487344252572e-02
4.020000000000000000e+02,1.826838637883864414e-01
4.030000000000000000e+02,3.008638704031881828e-01
4.040000000000000000e+02,-3.069620712629428372e-02
4.050000000000000000e+02,-3.122385150194611700e-02
4.060000000000000000e+02,2.702756273083350980e-01
4.070000000000000000e+02,5.789046039424983192e-03
4.080000000000000000e+02,-4.848826401128639163e-02
4.090000000000000000e+02,-8.628575602434898073e-01
4.100000000000000000e+02,2.811884687539484839e-01
4.110000000000000000e+02,5.626509237617696169e-01
4.120000000000000000e+02,3.418864642218176764e-01
4.130000000000000000e+02,-2.657488310020498790e-01
4.140000000000000000e+02,-7.612482848225087251e-01
4.150000000000000000e+02,-7.625287384616356023e-01
4.160000000000000000e+02,1.384878355999419330e-01
4.170000000000000000e+02,5.818703558734040771e-01
4.180000000000000000e+02,-5.113207310251964843e-01
4.190000000000000000e+02,1.536877031520347270e-01
4.200000000000000000e+02,1.849921857429960848e-01
4.210000000000000000e+02,-4.901099569251787802e-02
4.220000000000000000e+02,-1.240997814991486314e-01
4.230000000000000000e+02,-7.157423471676424009e-01
4.240000000000000000e+02,-5.441355686214588427e-01
4.250000000000000000e+02,-1.072678630136187500e-01
4.260000000000000000e+02,-3.852988095496047705e-01
4.270000000000000000e+02,-5.432716031693146652e-02
4.280000000000000000e+02,-2.807054397713779625e-01
4.290000000000000000e+02,-1.985343655433153276e-01
4.300000000000000000e+02,1.074463133818910621e-01
4.310000000000000000e+02,1.517004336316938873e-01
4.320000000000000000e+02,1.431191049975104324e-01
4.330000000000000000e+02,-2.818738891598429053e-01
4.340000000000000000e+02,-3.936492152413120782e-02
4.350000000000000000e+02,2.697133793992151918e-01
4.360000000000000000e+02,4.443568626638124686e-01
4.370000000000000000e+02,1.137199353301816818e-01
4.380000000000000000e+02,-1.479339368997431015e-01
4.390000000000000000e+02,-3.720484182192485001e-01
4.400000000000000000e+02,1.600222653162889364e-01
4.410000000000000000e+02,4.488334000491328579e-02
4.420000000000000000e+02,-1.833682361286873008e-02
4.430000000000000000e+02,2.677187931149977440e-01
4.440000000000000000e+02,-9.629741867403106559e-01
4.450000000000000000e+02,3.806335567494654737e-01
4.460000000000000000e+02,1.981710275750358519e-01
4.470000000000000000e+02,9.220491989118480003e-01
4.480000000000000000e+02,-3.503824310582743240e-01
4.490000000000000000e+02,1.784993846923748628e-01
4.500000000000000000e+02,-3.333671455614658496e-01
4.510000000000000000e+02,3.499491787498271167e-02
4.520000000000000000e+02,1.946482477279706524e-01
4.530000000000000000e+02,-6.951008505772583723e-02
4.540000000000000000e+02,-2.898464252602842017e-01
4.550000000000000000e+02,-3.882895448806500394e-02
4.560000000000000000e+02,6.736225527373647104e-01
4.570000000000000000e+02,6.136466827465297813e-02
4.580000000000000000e+02,-4.783141917816420285e-01
4.590000000000000000e+02,-7.266767895837114577e-02
4.600000000000000000e+02,-3.376421473439534804e-01
4.610000000000000000e+02,8.800304535530278915e-01
4.620000000000000000e+02,7.022122550550401465e-01
4.630000000000000000e+02,-4.249813808880198440e-01
4.640000000000000000e+02,-6.103161574274235113e-01
4.650000000000000000e+02,-5.825766061281897196e-02
4.660000000000000000e+02,5.271308958263567490e-01
4.670000000000000000e+02,4.651665498957822109e-01
4.680000000000000000e+02,5.350149904933467759e-01
4.690000000000000000e+02,-2.328401037686833597e-01
4.700000000000000000e+02,-3.202586399110710080e-01
4.710000000000000000e+02,2.736092100911574621e-01
4.720000000000000000e+02,3.447537149552712954e-01
4.730000000000000000e+02,9.517827307617940380e-02
4.740000000000000000e+02,-1.431409466678788545e-01
4.750000000000000000e+02,4.918135144411028836e-01
4.760000000000000000e+02,-1.724597970141495962e-01
4.770000000000000000e+02,3.784649999385364394e-01
4.780000000000000000e+02,-5.249157959582205768e-01
4.790000000000000000e+02,-4.047572609642856589e-01
4.800000000000000000e+02,2.239756668760733982e-01
4.810000000000000000e+02,-1.382205123346891273e-02
4.820000000000000000e+02,1.243855191561057671e-01
4.830000000000000000e+02,-7.013090804517269072e-01
4.840000000000000000e+02,1.354792672245246909e-01
4.850000000000000000e+02,4.661880129095681280e-01
4.860000000000000000e+02,-2.738812229495810602e-01
4.870000000000000000e+02,-7.462717967132007080e-02
4.880000000000000000e+02,-7.325718626917471221e-03
4.890000000000000000e+02,2.067480161895769997e-01
4.900000000000000000e+02,-3.002200126510852218e-01
4.910000000000000000e+02,2.987507770856400180e-01
4.920000000000000000e+02,-1.111560618003581691e-01
4.930000000000000000e+02,-1.581246620145037585e-01
4.940000000000000000e+02,-2.596498034362291207e-01
4.950000000000000000e+02,-2.541530660598196323e-01
4.960000000000000000e+02,4.612241470586571079e-01
4.970000000000000000e+02,-2.723458722161173906e-01
4.980000000000000000e+02,-3.020466999729349289e-01
4.990000000000000000e+02,-2.943373634909445813e-01
5.000000000000000000e+02,-1.674709823394741615e-01
5.010000000000000000e+02,2.686600368885183610e-03
5.020000000000000000e+02,-1.948615710284657687e-01
5.030000000000000000e+02,-5.564420639185697626e-01
5.040000000000000000e+02,-3.430310377356714513e-01
5.050000000000000000e+02,4.216754938168642552e-01
5.060000000000000000e+02,1.723703903266511905e-01
5.070000000000000000e+02,-1.831274732466720845e-01
5.080000000000000000e+02,-1.996169244130504283e-01
5.090000000000000000e+02,-3.274244148606419991e-01
5.100000000000000000e+02,6.219331519128872693e-02
5.110000000000000000e+02,9.710638874818170452e-01
5.120000000000000000e+02,3.753828561062412250e-01
5.130000000000000000e+02,-6.257366159370447711e-02
5.140000000000000000e+02,-6.470620969414003776e-01
5.150000000000000000e+02,1.095157173767947884e-01
5.160000000000000000e+02,1.060628475707828811e-01
5.170000000000000000e+02,7.037785665324941542e-01
5.180000000000000000e+02,-3.695545363630384217e-01
5.190000000000000000e+02,-1.190833153400160660e-01
5.200000000000000000e+02,2.026740535163756574e-01
5.210000000000000000e+02,6.410996504643815541e-01
5.220000000000000000e+02,4.294501921148436430e-01
5.230000000000000000e+02,-1.486799080415658891e-01
5.240000000000000000e+02,-2.653305665020819770e-01
5.250000000000000000e+02,4.579487361771441556e-01
5.260000000000000000e+02,-3.159765896142608943e-01
5.270000000000000000e+02,-1.997832617386129661e-01
5.280000000000000000e+02,-6.265744818006359074e-01
5.290000000000000000e+02,-7.194368803181583338e-01
5.300000000000000000e+02,-1.949509302723700654e-01
5.310000000000000000e+02,3.628759774450176501e-01
5.320000000000000000e+02,-3.017909404907038740e-01
5.330000000000000000e+02,6.622732697610131392e-02
5.340000000000000000e+02,-4.733584810567745826e-01
5.350000000000000000e+02,-2.358046043777631551e-01
5.360000000000000000e+02,9.224482949714812863e-02
5.370000000000000000e+02,-5.124895851795874258e-03
5.380000000000000000e+02,1.333077559147146096e-01
5.390000000000000000e+02,-4.234232487172145953e-02
5.400000000000000000e+02,1.630078433557362663e-02
5.410000000000000000e+02,3.162087742997573558e-01
5.420000000000000000e+02,3.455886745554749284e-01
5.430000000000000000e+02,4.662825751639981808e-02
5.440000000000000000e+02,-1.268659557553116546e+00
5.450000000000000000e+02,3.395795108847561306e-01
5.460000000000000000e+02,3.068147747868096298e-01
5.470000000000000000e+02,3.437639502463372132e-01
5.480000000000000000e+02,-2.469220861458391592e-01
5.490000000000000000e+02,-4.957342144365149972e-01
5.500000000000000000e+02,3.257797102798315469e-01
5.510000000000000000e+02,7.857159092724033123e-01
5.520000000000000000e+02,9.915366948688023041e-02
5.530000000000000000e+02,1.313624444119243506e-02
5.540000000000000000e+02,-2.947441987427422694e-01
5.550000000000000000e+02,1.016686039360632954e+00
5.560000000000000000e+02,3.283696283827083340e-01
5.570000000000000000e+02,1.113682548422473939e+00
5.580000000000000000e+02,-5.425781100987792094e-02
5.590000000000000000e+02,-6.475118802641380289e-02
5.600000000000000000e+02,3.950831732776567962e-01
5.610000000000000000e+02,2.649317341992433739e-01
5.620000000000000000e+02,6.634068411752391814e-01
5.630000000000000000e+02,-1.778163473001634909e-01
5.640000000000000000e+02,-6.115646054859090741e-01
5.650000000000000000e+02,5.028473568621063539e-01
5.660000000000000000e+02,5.973675652215583165e-01
5.670000000000000000e+02,-1.746890990662941789e-01
5.680000000000000000e+02,-5.030537007467390520e-01
5.690000000000000000e+02,-2.655144248693889764e-01
5.700000000000000000e+02,3.726191443850147555e-01
5.710000000000000000e+02,2.733445033996864670e-01
5.720000000000000000e+02,6.742194940125941782e-01
5.730000000000000000e+02,-2.408832259324314440e-01
5.740000000000000000e+02,7.180109494115344271e-02
5.750000000000000000e+02,4.163403341769113530e-01
5.760000000000000000e+02,3.171859647234208102e-01
5.770000000000000000e+02,-1.036918589097550469e-01
5.780000000000000000e+02,-5.196378863056072550e-01
5.790000000000000000e+02,-2.594717330023075252e-01
5.800000000000000000e+02,4.939713498918830714e-01
5.810000000000000000e+02,1.752554914563925759e-01
5.820000000000000000e+02,2.646470451534753132e-01
5.830000000000000000e+02,-1.080063589219934617e+00
5.840000000000000000e+02,-4.842881239866678178e-02
5.850000000000000000e+02,3.515688084121735418e-02
5.860000000000000000e+02,4.205791663136422276e-01
5.870000000000000000e+02,2.797534987207086488e-01
5.880000000000000000e+02,-6.725426455863468822e-02
5.890000000000000000e+02,-5.953200618198555283e-01
5.900000000000000000e+02,2.434768556653831018e-01
5.910000000000000000e+02,7.594311920316065834e-03
5.920000000000000000e+02,2.806139246949319599e-01
5.930000000000000000e+02,-3.812818844858785750e-01
5.940000000000000000e+02,-6.032122385677541887e-01
5.950000000000000000e+02,-4.168495670122000507e-01
5.960000000000000000e+02,-7.980225362486446095e-01
5.970000000000000000e+02,4.956483991103084463e-01
5.980000000000000000e+02,-5.350340641138207065e-03
5.990000000000000000e+02,-1.016594087501022647e-01
6.000000000000000000e+02,9.650128181533619565e-02
6.010000000000000000e+02,2.903215521550690514e-01
6.020000000000000000e+02,5.045727374340661098e-02
6.030000000000000000e+02,-1.736756268702868977e-01
6.040000000000000000e+02,-3.138194471200315139e-01
6.050000000000000000e+02,2.274289412303825142e-01
6.060000000000000000e+02,5.153048224335300409e-01
6.070000000000000000e+02,-2.970805626072191563e-01
6.080000000000000000e+02,-3.244594890561296463e-01
6.090000000000000000e+02,-2.351363120916854510e-01
6.100000000000000000e+02,1.027285425248746636e-01
6.110000000000000000e+02,-4.689688256526020060e-02
6.120000000000000000e+02,1.179940076417039935e-01
6.130000000000000000e+02,2.301912145841733259e-01
6.140000000000000000e+02,-9.963165294603709699e-02
6.150000000000000000e+02,3.196849068090528712e-01
6.160000000000000000e+02,2.841732402578540095e-01
6.170000000000000000e+02,2.657615602731913107e-01
6.180000000000000000e+02,-4.034606354188615129e-01
6.190000000000000000e+02,-6.722409273116383144e-01
6.200000000000000000e+02,-4.538460610126789779e-02
6.210000000000000000e+02,3.389312389656194968e-01
6.220000000000000000e+02,7.037372790692790481e-02
6.230000000000000000e+02,2.618641326350382159e-01
6.240000000000000000e+02,-3.508579219413006101e-01
6.250000000000000000e+02,6.446758738578239889e-01
6.260000000000000000e+02,6.459452997567654009e-01
6.270000000000000000e+02,2.463098211640955548e-01
6.280000000000000000e+02,6.775498787146055912e-02
6.290000000000000000e+02,-3.743432670496582015e-01
6.300000000000000000e+02,3.859834423936870929e-01
6.310000000000000000e+02,1.606331205018825814e-01
6.320000000000000000e+02,1.120560282349771786e-01
6.330000000000000000e+02,4.141281169014462971e-02
6.340000000000000000e+02,-4.351282589120264443e-03
6.350000000000000000e+02,7.542500795091997001e-02
6.360000000000000000e+02,-5.633909608182985362e-02
6.370000000000000000e+02,2.052470287160804152e-02
6.380000000000000000e+02,-4.578493112513325469e-01
6.390000000000000000e+02,-2.116208241320950978e-01
6.400000000000000000e+02,4.068813541743787621e-01
6.410000000000000000e+02,3.577490792317302715e-01
6.420000000000000000e+02,1.370724192285583121e-01
6.430000000000000000e+02,-1.253536334529891660e-01
6.440000000000000000e+02,-4.263306303595315594e-01
6.450000000000000000e+02,3.810631536886874976e-02
6.460000000000000000e+02,3.304086872552928211e-01
6.470000000000000000e+02,-4.053645297972757744e-02
6.480000000000000000e+02,-2.144319861072485622e-02
6.490000000000000000e+02,-3.515130214949003240e-01
6.500000000000000000e+02,3.345164724432519998e-01
6.510000000000000000e+02,-3.851098725444240811e-02
6.520000000000000000e+02,3.665202921295582783e-01
6.530000000000000000e+02,8.019745661492336253e-02
6.540000000000000000e+02,-1.464128388477929366e-01
6.550000000000000000e+02,7.270441254448846424e-02
6.560000000000000000e+02,2.598252988917851281e-01
6.570000000000000000e+02,5.195787689455624303e-01
6.580000000000000000e+02,-6.369460478254006519e-01
6.590000000000000000e+02,-1.350747448824368702e-01
6.600000000000000000e+02,2.233038311273544685e-01
6.610000000000000000e+02,-4.923001355697847470e-01
6.620000000000000000e+02,1.669420557614348655e-01
6.630000000000000000e+02,-9.757165427860023388e-02
6.640000000000000000e+02,2.596162772512584649e-01
6.650000000000000000e+02,9.681927313309487623e-03
6.660000000000000000e+02,3.395835333936271239e-01
6.670000000000000000e+02,2.773215078689286184e-01
6.680000000000000000e+02,-6.485978437638851846e-01
6.690000000000000000e+02,-3.047083812339679287e-02
6.700000000000000000e+02,5.299782704118952137e-02
6.710000000000000000e+02,-8.553839900707638222e-02
6.720000000000000000e+02,4.925640058061508952e-02
6.730000000000000000e+02,2.859614393930957066e-01
6.740000000000000000e+02,-1.796563958211004897e-01
6.750000000000000000e+02,1.798893797804944072e-01
6.760000000000000000e+02,4.984007686352885935e-01
6.770000000000000000e+02,6.154646262477176943e-01
6.780000000000000000e+02,4.745661771309275245e-01
6.790000000000000000e+02,-7.001795702347823891e-03
6.800000000000000000e+02,2.146604482436250128e-01
6.810000000000000000e+02,3.836243019293573697e-01
6.820000000000000000e+02,3.089189676100246862e-01
6.830000000000000000e+02,-1.356846020989461721e-01
6.840000000000000000e+02,-4.410972274471914867e-01
6.850000000000000000e+02,2.538545491274947843e-02
6.860000000000000000e+02,1.923551654792031718e-01
6.870000000000000000e+02,-7.311654342734534850e-01
6.880000000000000000e+02,-2.057952146945226379e-01
6.890000000000000000e+02,-3.906918496474016123e-01
6.900000000000000000e+02,-8.851553517042572150e-02
6.910000000000000000e+02,2.950783055450083570e-01
6.920000000000000000e+02,6.236498525776743573e-01
6.930000000000000000e+02,-4.224496372247036335e-01
6.940000000000000000e+02,-3.552589119852861410e-01
6.950000000000000000e+02,8.862540439116001201e-02
6.960000000000000000e+02,5.486041446534892785e-01
6.970000000000000000e+02,3.366493740804771262e-01
6.980000000000000000e+02,-6.947479284017477053e-01
6.990000000000000000e+02,-1.969003851529407267e-01
7.000000000000000000e+02,7.008033970839807614e-01
7.010000000000000000e+02,6.231228685913007270e-01
7.020000000000000000e+02,1.054986870459038301e-01
7.030000000000000000e+02,2.297776562326691308e-01
7.040000000000000000e+02,-2.512551194680020528e-01
7.050000000000000000e+02,-1.218933481042897976e-01
7.060000000000000000e+02,1.694740021614449810e-01
7.070000000000000000e+02,7.197911894584714254e-01
7.080000000000000000e+02,2.568096818837654061e-01
7.090000000000000000e+02,-1.857243054774871671e-01
7.100000000000000000e+02,-3.587615404481827031e-01
7.110000000000000000e+02,2.556943939521343356e-01
7.120000000000000000e+02,2.898252830838187188e-01
7.130000000000000000e+02,5.383484513346527001e-01
7.140000000000000000e+02,-6.615539185215431051e-01
7.150000000000000000e+02,-1.909203677492801454e-01
7.160000000000000000e+02,1.270542074957330958e-01
7.170000000000000000e+02,3.818488407779790927e-02
7.180000000000000000e+02,1.332629018270756194e-02
7.190000000000000000e+02,-2.847682623099367927e-03
7.200000000000000000e+02,-5.340384105265869596e-01
7.210000000000000000e+02,7.032892124838910353e-02
7.220000000000000000e+02,9.801781758228601538e-01
7.230000000000000000e+02,1.196950858804573803e-01
7.240000000000000000e+02,-3.488394391936001093e-01
7.250000000000000000e+02,-2.229751238233680377e-01
7.260000000000000000e+02,2.645256273346463516e-02
7.270000000000000000e+02,2.221110973515184883e-01
7.280000000000000000e+02,-3.384543157453860363e-01
7.290000000000000000e+02,1.185080682939957941e-01
7.300000000000000000e+02,-6.530419360423014297e-01
7.310000000000000000e+02,3.243356459368385014e-01
7.320000000000000000e+02,3.512682611908090058e-01
7.330000000000000000e+02,7.155444427616808323e-02
7.340000000000000000e+02,2.853665263953057973e-01
7.350000000000000000e+02,-5.701502967060619875e-01
7.360000000000000000e+02,9.646035114548212608e-02
7.370000000000000000e+02,1.065348749734354450e-02
7.380000000000000000e+02,4.251762990305493761e-02
7.390000000000000000e+02,1.969890804632501435e-01
7.400000000000000000e+02,8.448686840526356545e-02
7.410000000000000000e+02,5.175985688998894219e-01
7.420000000000000000e+02,1.642443783614087049e-01
7.430000000000000000e+02,-4.733231051708728376e-01
7.440000000000000000e+02,4.949096268617366179e-01
7.450000000000000000e+02,1.648531839285564404e-01
7.460000000000000000e+02,2.435183728748756549e-01
7.470000000000000000e+02,4.142415466698856630e-01
7.480000000000000000e+02,5.176761086551414648e-01
7.490000000000000000e+02,-2.819108958052113367e-02
7.500000000000000000e+02,-1.105081486327740836e-01
7.510000000000000000e+02,5.446342633412450951e-01
7.520000000000000000e+02,1.671501348010853982e-01
7.530000000000000000e+02,1.566949490710220771e-01
7.540000000000000000e+02,-2.202273719756027703e-01
7.550000000000000000e+02,-8.423264575135035181e-02
7.560000000000000000e+02,2.852184071479557659e-01
7.570000000000000000e+02,1.645201073848635842e-01
7.580000000000000000e+02,2.905716902045398786e-01
7.590000000000000000e+02,-2.748787335284876843e-01
7.600000000000000000e+02,7.305326035224928016e-02
7.610000000000000000e+02,-1.717927118177029477e-01
7.620000000000000000e+02,2.851836580854509862e-01
7.630000000000000000e+02,-1.264450648794815391e-01
7.640000000000000000e+02,-4.871622617685263945e-01
7.650000000000000000e+02,-3.695009723763196391e-02
7.660000000000000000e+02,4.036679319104312103e-01
7.670000000000000000e+02,1.174017227060472068e-01
7.680000000000000000e+02,-3.542478154202783891e-01
7.690000000000000000e+02,-2.928761823156723620e-01
7.700000000000000000e+02,-2.408777564471040536e-02
7.710000000000000000e+02,9.771268210466776960e-02
7.720000000000000000e+02,1.981093364325927642e-01
7.730000000000000000e+02,-5.683734273615703714e-01
7.740000000000000000e+02,-5.328544080081543122e-02
7.750000000000000000e+02,1.141072189701646533e-01
7.760000000000000000e+02,5.674264415235363845e-01
7.770000000000000000e+02,1.004029996024022320e-02
7.780000000000000000e+02,-3.196974354946705565e-01
7.790000000000000000e+02,-2.798981001515121747e-01
7.800000000000000000e+02,1.963631135275685502e-01
7.810000000000000000e+02,9.287579686164083581e-01
7.820000000000000000e+02,-2.103320191755258250e-01
7.830000000000000000e+02,4.290871305981880379e-02
7.840000000000000000e+02,-1.550692013743450448e-01
7.850000000000000000e+02,4.747766174785272297e-01
7.860000000000000000e+02,-1.288412266251511284e-01
7.870000000000000000e+02,2.229273101301001703e-01
7.880000000000000000e+02,-1.988610891475794673e-01
7.890000000000000000e+02,-1.731514271361113133e-01
7.900000000000000000e+02,-2.875476180097434331e-01
7.910000000000000000e+02,-2.837276600483028544e-01
7.920000000000000000e+02,-9.454308948532597068e-02
7.930000000000000000e+02,-4.561406780922551141e-01
7.940000000000000000e+02,-1.988488511044046447e-01
7.950000000000000000e+02,-1.761506934454172002e-01
7.960000000000000000e+02,-5.305011393804365261e-02
7.970000000000000000e+02,2.969847302942193457e-01
7.980000000000000000e+02,-1.689675078285337306e-01
7.990000000000000000e+02,-4.901601902046311965e-01
8.000000000000000000e+02,2.190919615813473609e-01
8.010000000000000000e+02,2.999333266605143100e-01
8.020000000000000000e+02,-2.162946263427726612e-01
8.030000000000000000e+02,-6.007563154341251099e-01
8.040000000000000000e+02,-2.174731823795610641e-01
8.050000000000000000e+02,1.147236735666170293e-01
8.060000000000000000e+02,1.794062496764259051e-01
8.070000000000000000e+02,1.133282464934260853e-01
8.080000000000000000e+02,-8.742118871136119740e-01
8.090000000000000000e+02,-2.161300549815998173e-01
8.100000000000000000e+02,-3.959901704366420444e-02
8.110000000000000000e+02,3.752003325522206834e-01
8.120000000000000000e+02,4.749861141741687498e-01
8.130000000000000000e+02,-4.311155459272600354e-02
8.140000000000000000e+02,-3.339692717202553118e-01
8.150000000000000000e+02,-3.060295787304279092e-01
8.160000000000000000e+02,1.673930091629397821e-01
8.170000000000000000e+02,-7.586341269236104856e-02
8.180000000000000000e+02,-3.437700347013836200e-01
8.190000000000000000e+02,-1.495328558368108351e-01
8.200000000000000000e+02,-4.363945994318594312e-01
8.210000000000000000e+02,-1.549042702828203333e-01
8.220000000000000000e+02,3.271970892817788745e-01
8.230000000000000000e+02,1.299885922007510131e-01
8.240000000000000000e+02,1.398991473699046084e-01
8.250000000000000000e+02,1.112259099282228159e-01
8.260000000000000000e+02,9.440364479230639594e-02
8.270000000000000000e+02,8.044137957620149937e-01
8.280000000000000000e+02,-4.151594684701932492e-01
8.290000000000000000e+02,7.389632547044944211e-02
8.300000000000000000e+02,-7.787793481983613930e-02
8.310000000000000000e+02,-7.826620666863104425e-02
8.320000000000000000e+02,4.669360875050642679e-01
8.330000000000000000e+02,-3.141831898969895676e-01
8.340000000000000000e+02,5.821078062783413554e-02
8.350000000000000000e+02,-1.334346558219329758e-02
8.360000000000000000e+02,4.969514324102614067e-01
8.370000000000000000e+02,7.855988893527409145e-01
8.380000000000000000e+02,1.718540165101511974e-02
8.390000000000000000e+02,-1.376534543486875317e-01
8.400000000000000000e+02,-2.227027863959705756e-01
8.410000000000000000e+02,5.920530533417374119e-01
8.420000000000000000e+02,4.444491121753342266e-01
8.430000000000000000e+02,-8.938985888835213611e-01
8.440000000000000000e+02,-4.229017391392558833e-01
8.450000000000000000e+02,4.987804232605708848e-02
8.460000000000000000e+02,-6.617624606289601585e-02
8.470000000000000000e+02,4.515105199176940864e-01
8.480000000000000000e+02,-1.155571048544621615e-01
8.490000000000000000e+02,-1.620686602267453202e-01
8.500000000000000000e+02,4.030682849802678935e-02
8.510000000000000000e+02,3.583632067662642084e-01
8.520000000000000000e+02,6.576821087526933951e-01
8.530000000000000000e+02,-8.037465202099126627e-01
8.540000000000000000e+02,-6.959130237363519988e-01
8.550000000000000000e+02,-8.191708133395771974e-01
8.560000000000000000e+02,1.066629320394792413e-01
8.570000000000000000e+02,2.495842130714417961e-02
8.580000000000000000e+02,9.611096168286978325e-02
8.590000000000000000e+02,-1.219662392152282004e-01
8.600000000000000000e+02,-2.196350898139517449e-01
8.610000000000000000e+02,-9.119694182099141733e-02
8.620000000000000000e+02,3.463202841735684157e-01
8.630000000000000000e+02,4.130487301717254978e-01
8.640000000000000000e+02,-7.817681340059772221e-01
8.650000000000000000e+02,-3.556693195848787958e-01
8.660000000000000000e+02,1.370681457481586485e-01
8.670000000000000000e+02,1.761648195177268339e-01
8.680000000000000000e+02,2.601761471379424040e-02
8.690000000000000000e+02,-4.061160963765845788e-01
8.700000000000000000e+02,8.321460050745821402e-01
8.710000000000000000e+02,-3.425220026290957676e-01
8.720000000000000000e+02,-2.447250160886104697e-01
8.730000000000000000e+02,-4.490963026171294059e-01
8.740000000000000000e+02,-2.763160905174499860e-01
8.750000000000000000e+02,3.854831317385846307e-03
8.760000000000000000e+02,1.766197503991042972e-01
8.770000000000000000e+02,2.774128348953434076e-01
8.780000000000000000e+02,-6.638958268636452331e-02
8.790000000000000000e+02,2.352786279540419190e-01
8.800000000000000000e+02,1.000280317828380200e-01
8.810000000000000000e+02,5.516913415032338452e-01
8.820000000000000000e+02,3.017079131331781849e-02
8.830000000000000000e+02,-2.153323966313743787e-01
8.840000000000000000e+02,1.057426946802901835e-01
8.850000000000000000e+02,1.448754135712388424e-01
8.860000000000000000e+02,9.283116737234303750e-02
8.870000000000000000e+02,5.055949899287210947e-01
8.880000000000000000e+02,1.302791151422910687e-02
8.890000000000000000e+02,-2.191245314067943040e-01
8.900000000000000000e+02,-9.946150965749989137e-02
8.910000000000000000e+02,5.748259285379300199e-01
8.920000000000000000e+02,4.564788558430163956e-01
8.930000000000000000e+02,-3.176257360889145342e-01
8.940000000000000000e+02,-2.861162660654473777e-01
8.950000000000000000e+02,3.694668260715989333e-02
8.960000000000000000e+02,9.982015706773716968e-02
8.970000000000000000e+02,4.169618295422773957e-01
8.980000000000000000e+02,-6.391143806411790640e-02
8.990000000000000000e+02,-1.915903361181061637e-01
9.000000000000000000e+02,3.488047747304763857e-01
9.010000000000000000e+02,2.453996429188771700e-01
9.020000000000000000e+02,7.818508059330969706e-01
9.030000000000000000e+02,-3.047281165780857393e-02
9.040000000000000000e+02,-7.027216276450967691e-02
9.050000000000000000e+02,4.580036787861380687e-01
9.060000000000000000e+02,1.776963645509027634e-01
9.070000000000000000e+02,1.062772118137760291e-01
9.080000000000000000e+02,1.727027065159354446e-01
9.090000000000000000e+02,3.173238173321838995e-01
9.100000000000000000e+02,-1.715171420151421350e-02
9.110000000000000000e+02,6.686255182802537389e-01
9.120000000000000000e+02,4.787766172273977827e-01
9.130000000000000000e+02,-1.043072327003883859e-01
9.140000000000000000e+02,-3.462694802504795444e-01
9.150000000000000000e+02,3.134899233621948333e-01
9.160000000000000000e+02,-1.082117226201195770e-02
9.170000000000000000e+02,-1.909528529875541281e-01
9.180000000000000000e+02,-3.242552347860749862e-01
9.190000000000000000e+02,2.019662919447931526e-01
9.200000000000000000e+02,3.322965159022180925e-01
9.210000000000000000e+02,5.656256184717143309e-01
9.220000000000000000e+02,3.085233880781552696e-01
9.230000000000000000e+02,3.693015269599241313e-01
9.240000000000000000e+02,-6.347157123828999215e-01
9.250000000000000000e+02,-4.139587485640594533e-01
9.260000000000000000e+02,-2.053363780469676381e-01
9.270000000000000000e+02,-2.152077873082679782e-01
9.280000000000000000e+02,-2.350586795665196571e-01
9.290000000000000000e+02,-3.551188259310522621e-01
9.300000000000000000e+02,-5.510589879287491194e-02
9.310000000000000000e+02,4.559134724735738886e-01
9.320000000000000000e+02,3.267660067968305437e-01
9.330000000000000000e+02,-3.464904384539061466e-01
9.340000000000000000e+02,-2.462777396376986117e-02
9.350000000000000000e+02,-2.677218551840568339e-01
9.360000000000000000e+02,5.929481932571645242e-01
9.370000000000000000e+02,2.345025404954010351e-01
9.380000000000000000e+02,1.476603911184275753e-01
9.390000000000000000e+02,-6.143062428509273865e-01
9.400000000000000000e+02,-3.025070856777108963e-01
9.410000000000000000e+02,-9.753340587214542889e-02
9.420000000000000000e+02,4.911835249423036065e-01
9.430000000000000000e+02,1.226884229552731020e-01
9.440000000000000000e+02,-1.324583253676749339e-01
9.450000000000000000e+02,-2.810390066982572654e-01
9.460000000000000000e+02,5.173986409523345653e-01
9.470000000000000000e+02,-5.406926246562251404e-01
9.480000000000000000e+02,-4.359096186527309236e-01
9.490000000000000000e+02,-2.034249805501983643e-01
9.500000000000000000e+02,2.845868113919530207e-01
9.510000000000000000e+02,-1.146958189878595769e-01
9.520000000000000000e+02,-3.675297251660871733e-01
9.530000000000000000e+02,-4.298049206002000355e-01
9.540000000000000000e+02,-1.177628660456599419e-01
9.550000000000000000e+02,2.034492491518556656e-01
9.560000000000000000e+02,5.530855067475470843e-01
9.570000000000000000e+02,3.333372436407888717e-02
9.580000000000000000e+02,-4.587605314673470769e-01
9.590000000000000000e+02,-3.120468950601575919e-01
9.600000000000000000e+02,3.459941116825443475e-01
9.610000000000000000e+02,4.336820516973188266e-01
9.620000000000000000e+02,5.106802620770244383e-01
9.630000000000000000e+02,1.551245408137063853e-01
9.640000000000000000e+02,-3.208704814754166912e-01
9.650000000000000000e+02,-5.827360996096827561e-01
9.660000000000000000e+02,1.680878812376887799e-01
9.670000000000000000e+02,6.865236751716972119e-01
9.680000000000000000e+02,-3.883305118974159642e-01
9.690000000000000000e+02,1.002546939048474806e-01
9.700000000000000000e+02,-5.657942494144858718e-03
9.710000000000000000e+02,-6.482109468117525086e-02
9.720000000000000000e+02,5.227234670377166603e-01
9.730000000000000000e+02,1.580112448301613792e-01
9.740000000000000000e+02,-5.718251808951491100e-01
9.750000000000000000e+02,-1.739735263932460849e-02
9.760000000000000000e+02,1.641217734386862803e-02
9.770000000000000000e+02,5.317469316071833374e-01
9.780000000000000000e+02,-1.336512922678552984e-01
9.790000000000000000e+02,-5.472023853668896987e-01
9.800000000000000000e+02,-1.237652237490978052e-01
9.810000000000000000e+02,2.907826849491117471e-01
9.820000000000000000e+02,-2.072369256348392530e-01
9.830000000000000000e+02,-9.416465886904532567e-01
9.840000000000000000e+02,-2.572633393335768126e-01
9.850000000000000000e+02,-1.761455520186334389e-01
9.860000000000000000e+02,-6.446134305874378079e-01
9.870000000000000000e+02,-1.186913414597495775e-02
9.880000000000000000e+02,1.828297542134233455e-01
9.890000000000000000e+02,-1.971530082898291236e-01
9.900000000000000000e+02,1.360068489551686521e-01
9.910000000000000000e+02,6.994509636879717718e-01
9.920000000000000000e+02,-9.216945083324376564e-02
9.930000000000000000e+02,-4.702031247045531659e-01
9.940000000000000000e+02,-2.080947845260312790e-01
9.950000000000000000e+02,2.716999978509422320e-01
9.960000000000000000e+02,1.044974066997282625e-01
9.970000000000000000e+02,-2.334367872237427533e-01
9.980000000000000000e+02,-1.191789396317027849e-02
9.990000000000000000e+02,-6.218121893108468079e-01
1.000000000000000000e+03,-1.144914437786844208e-01
1.001000000000000000e+03,3.470455258292296508e-01
1.002000000000000000e+03,5.599406071472192714e-01
1.003000000000000000e+03,1.552644885623003235e-01
1.004000000000000000e+03,-8.018453129604699581e-02
1.005000000000000000e+03,-3.633723008810706423e-01
1.006000000000000000e+03,1.222811987543780954e-01
1.007000000000000000e+03,2.253069275314192876e-01
1.008000000000000000e+03,-2.302102882958442231e-01
1.009000000000000000e+03,2.472003564856489755e-02
1.010000000000000000e+03,-2.389367011536619734e-01
1.011000000000000000e+03,6.363743307266112037e-01
1.012000000000000000e+03,5.120335866195731001e-01
1.013000000000000000e+03,-2.811035021634648579e-01
1.014000000000000000e+03,-6.292862921356900952e-01
1.015000000000000000e+03,-1.783536201279389832e-01
1.016000000000000000e+03,3.528313603530025544e-02
1.017000000000000000e+03,-3.123684778968114362e-01
1.018000000000000000e+03,9.122587270856372110e-02
1.019000000000000000e+03,1.640844412124656815e-01
1.020000000000000000e+03,7.652477748934026769e-01
1.021000000000000000e+03,-3.743048046386954208e-02
1.022000000000000000e+03,3.766998494714970391e-01
1.023000000000000000e+03,-4.137153699907586413e-01
1.024000000000000000e+03,-3.702974558587530662e-01
1.025000000000000000e+03,2.108663449819007107e-01
1.026000000000000000e+03,1.078854150382143329e-01
1.027000000000000000e+03,2.718717989972708193e-01
1.028000000000000000e+03,3.296015540360801577e-01
1.029000000000000000e+03,-1.043778679812181476e-01
1.030000000000000000e+03,3.860696083643755938e-01
1.031000000000000000e+03,6.722456910314069667e-01
1.032000000000000000e+03,-2.723316816112797412e-01
1.033000000000000000e+03,-2.408174519457662033e-02
1.034000000000000000e+03,-3.329996958620110581e-01
1.035000000000000000e+03,-3.506866681405308439e-01
1.036000000000000000e+03,5.805115964960294583e-02
1.037000000000000000e+03,2.453485332178905742e-01
1.038000000000000000e+03,2.563045463237250132e-01
1.039000000000000000e+03,1.810581739863080797e-01
1.040000000000000000e+03,2.607413974363468334e-01
1.041000000000000000e+03,3.422817107785172119e-01
1.042000000000000000e+03,9.265019382678874038e-02
1.043000000000000000e+03,7.011671188491144791e-02
1.044000000000000000e+03,-8.764859257594019848e-01
1.045000000000000000e+03,3.049999240311874749e-01
1.046000000000000000e+03,-2.418759145000393129e-01
1.047000000000000000e+03,2.889423932410728479e-01
1.048000000000000000e+03,-2.340903478310194796e-01
1.049000000000000000e+03,-8.492246345190270773e-01
1.050000000000000000e+03,-1.229386527423811243e-01
1.051000000000000000e+03,2.196967759257006381e-01
1.052000000000000000e+03,-3.388600588746029096e-01
1.053000000000000000e+03,1.727595239639217739e-01
1.054000000000000000e+03,3.485844532244136706e-02
1.055000000000000000e+03,-8.188503447090764165e-02
1.056000000000000000e+03,3.563826301486608950e-01
1.057000000000000000e+03,4.439170464327140686e-01
1.058000000000000000e+03,-3.917892322669423999e-01
1.059000000000000000e+03,-2.063639557529357016e-01
1.060000000000000000e+03,-3.960163781003208511e-02
1.061000000000000000e+03,2.925134603736342376e-01
1.062000000000000000e+03,2.883101250956826567e-01
1.063000000000000000e+03,-4.038431351961048188e-01
1.064000000000000000e+03,-6.446667304712588864e-01
1.065000000000000000e+03,2.767209964979295278e-01
1.066000000000000000e+03,1.278243668734161675e-01
1.067000000000000000e+03,3.396817220333151477e-01
1.068000000000000000e+03,-2.225848764754671527e-01
1.069000000000000000e+03,-2.896572164376690628e-01
1.070000000000000000e+03,1.702237711153345712e-01
1.071000000000000000e+03,7.033129319985420569e-01
1.072000000000000000e+03,3.608379952742820640e-01
1.073000000000000000e+03,1.436831955395974358e-01
1.074000000000000000e+03,-1.748465047881374024e-01
1.075000000000000000e+03,-1.265480107374651608e-01
1.076000000000000000e+03,6.035254044802679241e-01
1.077000000000000000e+03,-3.516301946969083159e-02
1.078000000000000000e+03,2.025286133185902615e-01
1.079000000000000000e+03,-6.460540943558401583e-01
1.080000000000000000e+03,4.409413402575634855e-01
1.081000000000000000e+03,-3.576154500249589807e-02
1.082000000000000000e+03,5.622380425298438844e-01
1.083000000000000000e+03,8.414884064155306320e-02
1.084000000000000000e+03,2.097996138937627819e-01
1.085000000000000000e+03,2.658138445276492234e-01
1.086000000000000000e+03,5.144776986194863344e-01
1.087000000000000000e+03,4.441815131133995953e-01
1.088000000000000000e+03,-2.618548324612043343e-01
1.089000000000000000e+03,-1.097928003323220825e+00
1.090000000000000000e+03,1.330029063923376664e-01
1.091000000000000000e+03,2.850073430053803869e-01
1.092000000000000000e+03,6.107346334561921664e-01
1.093000000000000000e+03,-1.914351280373718378e-01
1.094000000000000000e+03,-3.808564207036122529e-01
1.095000000000000000e+03,-8.933529528596344249e-02
1.096000000000000000e+03,5.396819007615714092e-01
1.097000000000000000e+03,-2.938546473803816395e-01
1.098000000000000000e+03,-6.061519563520694209e-01
1.099000000000000000e+03,6.050255281187733036e-02
1.100000000000000000e+03,2.764582421100752474e-01
1.101000000000000000e+03,5.562919869526912198e-01
1.102000000000000000e+03,7.145704130181705638e-02
1.103000000000000000e+03,4.691944499537621383e-01
1.104000000000000000e+03,-2.620091755404670431e-01
1.105000000000000000e+03,-4.357469049111291626e-01
1.106000000000000000e+03,-3.329190171627202099e-01
1.107000000000000000e+03,-3.716360586882417882e-01
1.108000000000000000e+03,8.123285617354397692e-03
1.109000000000000000e+03,3.889126525783825894e-02
1.110000000000000000e+03,2.138843092846053340e-01
1.111000000000000000e+03,8.491413232078262041e-01
1.112000000000000000e+03,1.758462404760892661e-01
1.113000000000000000e+03,2.465040054485756194e-01
1.114000000000000000e+03,-9.075084699942195798e-02
1.115000000000000000e+03,1.956818498374136572e-01
1.116000000000000000e+03,4.465413643855065118e-01
1.117000000000000000e+03,6.419475300623871394e-01
1.118000000000000000e+03,-4.055632687986684415e-01
1.119000000000000000e+03,-2.773492897887991915e-01
1.120000000000000000e+03,5.418042010154513477e-01
1.121000000000000000e+03,-1.860118669481914955e-01
1.122000000000000000e+03,-3.681245146967562776e-01
1.123000000000000000e+03,-3.050482601919517478e-01
1.124000000000000000e+03,-1.106641920162171888e-01
1.125000000000000000e+03,-4.685784644848365321e-01
1.126000000000000000e+03,2.042443286573634165e-01
1.127000000000000000e+03,-5.595541704767759139e-02
1.128000000000000000e+03,-3.956754239037868492e-01
1.129000000000000000e+03,-1.055464125378574869e-01
1.130000000000000000e+03,-4.646905818562250823e-01
1.131000000000000000e+03,2.571309962491857837e-01
1.132000000000000000e+03,1.574386523452657172e-01
1.133000000000000000e+03,-3.718172047725289420e-01
1.134000000000000000e+03,-4.976834264794705032e-02
1.135000000000000000e+03,-5.515015345668669022e-01
1.136000000000000000e+03,6.752851088854830430e-02
1.137000000000000000e+03,-1.294482313810958463e-01
1.138000000000000000e+03,1.720657878617653513e-01
1.139000000000000000e+03,-3.613952013834157984e-01
1.140000000000000000e+03,-1.333763912101801619e-01
1.141000000000000000e+03,4.163532873924741251e-02
1.142000000000000000e+03,2.381587547323010812e-01
1.143000000000000000e+03,1.768482925660897487e-01
1.144000000000000000e+03,1.427127359649835725e-01
1.145000000000000000e+03,-3.252502202589495628e-01
1.146000000000000000e+03,5.240721690544897227e-02
1.147000000000000000e+03,6.391926751031912213e-02
1.148000000000000000e+03,4.576874657604479424e-03
1.149000000000000000e+03,8.488075455651922230e-02
1.150000000000000000e+03,6.286645100943321074e-01
1.151000000000000000e+03,1.112548227345325991e+00
1.152000000000000000e+03,1.999216193300670241e-01
1.153000000000000000e+03,-1.626740826356077030e-01
1.154000000000000000e+03,-2.789675652189056443e-01
1.155000000000000000e+03,-3.084847534378178380e-01
1.156000000000000000e+03,5.881014368098946843e-01
1.157000000000000000e+03,-1.806379458412681049e-01
1.158000000000000000e+03,-4.731162014312833008e-01
1.159000000000000000e+03,-2.507363889985979033e-01
1.160000000000000000e+03,-1.833834193541639401e-01
1.161000000000000000e+03,2.399233203482119825e-01
1.162000000000000000e+03,9.934973592369419904e-02
1.163000000000000000e+03,-9.024554183987358591e-02
1.164000000000000000e+03,2.572260352544486484e-03
1.165000000000000000e+03,-1.584435764967167259e-01
1.166000000000000000e+03,4.013609909760608718e-01
1.167000000000000000e+03,-4.985448057402773192e-01
1.168000000000000000e+03,2.906303216304524373e-01
1.169000000000000000e+03,-5.046375187929152961e-01
1.170000000000000000e+03,-3.666050519877156466e-01
1.171000000000000000e+03,4.011376309953463282e-01
1.172000000000000000e+03,2.592927414657269503e-01
1.173000000000000000e+03,2.734675215230555900e-02
1.174000000000000000e+03,-4.248518337841056258e-01
1.175000000000000000e+03,-9.499140334974200822e-03
1.176000000000000000e+03,1.366358838180590229e-01
1.177000000000000000e+03,-1.346211410763152316e-01
1.178000000000000000e+03,1.742484017669646001e-01
1.179000000000000000e+03,-9.184068509479182962e-01
1.180000000000000000e+03,-2.502164627620687143e-01
1.181000000000000000e+03,-2.752169869977068029e-01
1.182000000000000000e+03,5.938890506116274448e-01
1.183000000000000000e+03,3.230469639185602482e-01
1.184000000000000000e+03,-4.840531290782864593e-01
1.185000000000000000e+03,2.212423308756069351e-01
1.186000000000000000e+03,-8.095665966268933422e-02
1.187000000000000000e+03,-4.579035118900137702e-02
1.188000000000000000e+03,-5.921590964054440631e-01
1.189000000000000000e+03,-3.772878205630710302e-01
1.190000000000000000e+03,-9.163476013919218122e-02
1.191000000000000000e+03,-7.940346523825220215e-02
1.192000000000000000e+03,-2.474544969962916563e-01
1.193000000000000000e+03,-2.377127868278909872e-01
1.194000000000000000e+03,-6.634699971538920993e-01
1.195000000000000000e+03,-5.569038697857942033e-01
1.196000000000000000e+03,-2.654614509524322319e-02
1.197000000000000000e+03,3.845318289068783146e-01
1.198000000000000000e+03,-5.142195999175631638e-01
1.199000000000000000e+03,-2.293211694843007298e-01
