0.000000000000000000e+00,3.116109878518887391e-02
1.000000000000000000e+00,7.309971560647974265e-01
2.000000000000000000e+00,6.253061882254498105e-01
3.000000000000000000e+00,-1.956936526632347406e-01
4.000000000000000000e+00,-5.826906346585312146e-01
5.000000000000000000e+00,3.494157383132580341e-02
6.000000000000000000e+00,8.765270390965725911e-01
7.000000000000000000e+00,-2.711429324891190262e-01
8.000000000000000000e+00,-2.618794830374434057e-01
9.000000000000000000e+00,-6.579453805783423981e-01
1.000000000000000000e+01,4.399389492124674006e-01
1.100000000000000000e+01,6.186661945603744162e-02
1.200000000000000000e+01,4.520528248938236460e-01
1.300000000000000000e+01,-3.199418875585116062e-01
1.400000000000000000e+01,-1.080875548900347649e+00
1.500000000000000000e+01,7.950293450051375277e-02
1.600000000000000000e+01,4.860065440595144892e-01
1.700000000000000000e+01,2.862539277895189693e-01
1.800000000000000000e+01,-5.372636555170074990e-01
1.900000000000000000e+01,-4.713201267311425968e-01
2.000000000000000000e+01,-5.816679755531044549e-01
2.100000000000000000e+01,6.526848136813162560e-01
2.200000000000000000e+01,4.727996281066689233e-01
2.300000000000000000e+01,-8.680159211673083020e-01
2.400000000000000000e+01,-8.711573844709823433e-01
2.500000000000000000e+01,7.585422302682001683e-02
2.600000000000000000e+01,1.063076287538236464e+00
2.700000000000000000e+01,7.403442280987269086e-01
2.800000000000000000e+01,-1.008457871317942178e+00
2.900000000000000000e+01,-7.275035773419271656e-01
3.000000000000000000e+01,-2.311390146605177831e-01
3.100000000000000000e+01,5.308524026492951187e-01
3.200000000000000000e+01,8.760052011388852478e-01
3.300000000000000000e+01,-2.675086124159621881e-01
3.400000000000000000e+01,-1.501299548884225121e+00
3.500000000000000000e+01,1.393482972513138685e-01
3.600000000000000000e+01,1.229103262848526334e+00
3.700000000000000000e+01,3.725576201188156578e-01
3.800000000000000000e+01,-7.407661759717455441e-01
3.900000000000000000e+01,-1.176201960266794133e+00
4.000000000000000000e+01,-5.826020912694814813e-01
4.100000000000000000e+01,5.588661672716643825e-01
4.200000000000000000e+01,-2.151643855682309203e-01
4.300000000000000000e+01,2.340846921760233457e-01
4.400000000000000000e+01,-1.035680780423928082e+00
4.500000000000000000e+01,4.464627349154598468e-02
4.600000000000000000e+01,5.254192972961608810e-01
4.700000000000000000e+01,4.662229818305508866e-01
4.800000000000000000e+01,-1.719062122475069732e+00
4.900000000000000000e+01,-6.393383013978679585e-01
5.000000000000000000e+01,-3.571893042640579830e-01
5.100000000000000000e+01,1.083498843319977256e+00
5.200000000000000000e+01,7.002844435385341404e-02
5.300000000000000000e+01,-5.333690453959637479e-01
5.400000000000000000e+01,-1.251398774846818940e+00
5.500000000000000000e+01,-1.817927723949342156e-01
5.600000000000000000e+01,9.316004319670515565e-01
5.700000000000000000e+01,1.141531980726149698e+00
5.800000000000000000e+01,-8.215907049732736889e-01
5.900000000000000000e+01,-1.178169280878645253e+00
6.000000000000000000e+01,3.388120838161311488e-01
6.100000000000000000e+01,1.197375450978513278e+00
6.200000000000000000e+01,1.110235634495960966e+00
6.300000000000000000e+01,-2.445916081525750241e-01
6.400000000000000000e+01,-3.151453383132515329e-01
6.500000000000000000e+01,-2.015838402206121260e-01
6.600000000000000000e+01,9.358004910259390963e-01
6.700000000000000000e+01,8.060356391291682021e-01
6.800000000000000000e+01,-5.139184671957788275e-01
6.900000000000000000e+01,-1.083688655427945458e+00
7.000000000000000000e+01,-4.592936583604586565e-01
7.100000000000000000e+01,1.382204887379478553e+00
7.200000000000000000e+01,6.890919023004186128e-01
7.300000000000000000e+01,-6.895027266289562862e-01
7.400000000000000000e+01,-1.244330388523900988e-01
7.500000000000000000e+01,-2.832065285860205662e-03
7.600000000000000000e+01,3.700123143002825854e-01
7.700000000000000000e+01,4.990714422368930370e-01
7.800000000000000000e+01,-5.764313434475156761e-01
7.900000000000000000e+01,-6.635419993354019219e-01
8.000000000000000000e+01,2.605735718704871862e-01
8.100000000000000000e+01,1.214045141371815184e+00
8.200000000000000000e+01,8.184661684338792043e-01
8.300000000000000000e+01,-6.885557271468913942e-01
8.400000000000000000e+01,-5.756359907721141367e-01
8.500000000000000000e+01,9.978979361294167127e-02
8.600000000000000000e+01,9.184638171157865072e-01
8.700000000000000000e+01,8.068023826856374203e-01
8.800000000000000000e+01,-2.107221326934501926e-01
8.900000000000000000e+01,-9.082687694459704586e-01
9.000000000000000000e+01,1.009579869504789063e+00
9.100000000000000000e+01,4.338221866160133500e-01
9.200000000000000000e+01,6.441544712386199079e-02
9.300000000000000000e+01,-8.630838400133689081e-01
9.400000000000000000e+01,-6.125085440598643238e-01
9.500000000000000000e+01,9.199128508709059071e-02
9.600000000000000000e+01,1.293653217087552543e+00
9.700000000000000000e+01,9.602804002522793425e-01
9.800000000000000000e+01,-2.768786011913409451e-01
9.900000000000000000e+01,-1.120758388014764018e+00
1.000000000000000000e+02,-4.421227944043595870e-02
1.010000000000000000e+02,1.144467534745740256e+00
1.020000000000000000e+02,4.889643410863155348e-01
1.030000000000000000e+02,-6.287972843027592740e-01
1.040000000000000000e+02,-8.537232352843637795e-01
1.050000000000000000e+02,-3.393959690982800703e-01
1.060000000000000000e+02,7.428565209347749443e-01
1.070000000000000000e+02,1.327401568929956088e+00
1.080000000000000000e+02,-8.459905236597758948e-01
1.090000000000000000e+02,-5.295928722942482292e-01
1.100000000000000000e+02,3.724008996573537345e-01
1.110000000000000000e+02,3.278051312503242887e-01
1.120000000000000000e+02,5.670846069875101758e-01
1.130000000000000000e+02,-4.252137982025906426e-01
1.140000000000000000e+02,-1.170071641206370749e+00
1.150000000000000000e+02,4.785056335780720205e-01
1.160000000000000000e+02,9.511455009237039793e-01
1.170000000000000000e+02,-2.586504389965549322e-02
1.180000000000000000e+02,-7.281997118790652923e-01
1.190000000000000000e+02,-4.176192789145560802e-01
1.200000000000000000e+02,5.436511587141410473e-01
1.210000000000000000e+02,1.546498193848228730e+00
1.220000000000000000e+02,-2.468941881143682515e-01
1.230000000000000000e+02,-5.117140715054329103e-01
1.240000000000000000e+02,-6.781356940369840380e-01
1.250000000000000000e+02,9.057407445248444322e-02
1.260000000000000000e+02,9.479314250426690291e-01
1.270000000000000000e+02,2.247299025363412861e-01
1.280000000000000000e+02,-4.183783176616164834e-01
1.290000000000000000e+02,-4.555276763735827128e-01
1.300000000000000000e+02,6.638938934990512575e-01
1.310000000000000000e+02,8.136749108718417389e-01
1.320000000000000000e+02,3.621904130864573301e-01
1.330000000000000000e+02,-2.433949436321715121e-01
1.340000000000000000e+02,-7.171600774843850390e-01
1.350000000000000000e+02,2.252593542007981786e-01
1.360000000000000000e+02,1.084874917408610973e+00
1.370000000000000000e+02,8.501583706887161362e-01
1.380000000000000000e+02,-9.997804567779298157e-01
1.390000000000000000e+02,-1.365324771717048691e+00
1.400000000000000000e+02,2.928672308451999440e-01
1.410000000000000000e+02,1.113566304189821388e+00
1.420000000000000000e+02,5.467862544294703753e-01
1.430000000000000000e+02,-6.763273297675018725e-01
1.440000000000000000e+02,-6.186976978567205743e-01
1.450000000000000000e+02,-8.795515588362879944e-01
1.460000000000000000e+02,8.699241648939294302e-01
1.470000000000000000e+02,7.965277024487505964e-01
1.480000000000000000e+02,-5.429785241518559902e-01
1.490000000000000000e+02,-1.200953609731783001e+00
1.500000000000000000e+02,6.455463928740186319e-02
1.510000000000000000e+02,1.094870510373521233e+00
1.520000000000000000e+02,5.087799768521388266e-01
1.530000000000000000e+02,-7.501090205553642143e-01
1.540000000000000000e+02,-7.280656028022776116e-01
1.550000000000000000e+02,1.154118501720658024e-01
1.560000000000000000e+02,1.149532609496310975e+00
1.570000000000000000e+02,6.964404130412991112e-01
1.580000000000000000e+02,2.522550951001115704e-01
1.590000000000000000e+02,-7.594646204244297483e-01
1.600000000000000000e+02,1.046810691372116048e-01
1.610000000000000000e+02,5.687615807736539075e-01
1.620000000000000000e+02,2.980851321231460238e-01
1.630000000000000000e+02,-1.292135243144153955e+00
1.640000000000000000e+02,-9.405824575022718737e-01
1.650000000000000000e+02,-5.117507025184617753e-01
1.660000000000000000e+02,1.132358091282960721e+00
1.670000000000000000e+02,1.848592488551815682e-01
1.680000000000000000e+02,-8.624425111802129784e-01
1.690000000000000000e+02,-4.572784440034208253e-01
1.700000000000000000e+02,-7.473959314373778140e-01
1.710000000000000000e+02,9.297589486224384636e-01
1.720000000000000000e+02,8.790620938613664670e-01
1.730000000000000000e+02,-1.906130803827045250e-01
1.740000000000000000e+02,-1.153730855753745344e+00
1.750000000000000000e+02,3.492416606767975717e-01
1.760000000000000000e+02,3.982087185507964255e-01
1.770000000000000000e+02,3.064703401201612776e-01
1.780000000000000000e+02,-7.561572827059356294e-01
1.790000000000000000e+02,-7.181743765634989174e-01
1.800000000000000000e+02,1.662158969310343834e-02
1.810000000000000000e+02,6.924085261757735310e-01
1.820000000000000000e+02,6.207239531791555187e-01
1.830000000000000000e+02,-5.249392767355609557e-02
1.840000000000000000e+02,-8.490191084629328255e-01
1.850000000000000000e+02,-2.133810016894229777e-01
1.860000000000000000e+02,1.035158700827073064e+00
1.870000000000000000e+02,1.936641235270741279e-01
1.880000000000000000e+02,-8.625427169138670802e-01
1.890000000000000000e+02,-8.247238064933346546e-01
1.900000000000000000e+02,8.823342174363631163e-02
1.910000000000000000e+02,9.567562534424910448e-01
1.920000000000000000e+02,2.540822904448339914e-01
1.930000000000000000e+02,-4.843481593506984151e-01
1.940000000000000000e+02,-1.141093633935094998e+00
1.950000000000000000e+02,5.361792574696094826e-01
1.960000000000000000e+02,7.281615013911206802e-01
1.970000000000000000e+02,3.433235902856363042e-01
1.980000000000000000e+02,-6.980085941456464216e-01
1.990000000000000000e+02,-1.178442498089620205e+00
2.000000000000000000e+02,-2.040865598331990105e-01
2.010000000000000000e+02,8.933264951169447299e-01
2.020000000000000000e+02,4.989460049797973529e-01
2.030000000000000000e+02,-6.260274626670009335e-01
2.040000000000000000e+02,-7.799114581998627393e-01
2.050000000000000000e+02,-5.504340184772070765e-01
2.060000000000000000e+02,6.990631545749975695e-01
2.070000000000000000e+02,1.120518512251022503e-01
2.080000000000000000e+02,-1.189590043548443554e-01
2.090000000000000000e+02,-7.896540116366519424e-01
2.100000000000000000e+02,-5.486198798697400347e-01
2.110000000000000000e+02,7.144376248779606975e-01
2.120000000000000000e+02,4.167938789316242842e-01
2.130000000000000000e+02,-2.644608187759218687e-01
2.140000000000000000e+02,-1.216029042458101950e+00
2.150000000000000000e+02,1.550421325215069757e-01
2.160000000000000000e+02,8.455698481361311192e-01
2.170000000000000000e+02,2.790682290944411781e-01
2.180000000000000000e+02,-3.776871118724908216e-01
2.190000000000000000e+02,-1.795108659808252183e-01
2.200000000000000000e+02,3.094118058169204599e-01
2.210000000000000000e+02,9.491355569460656616e-01
2.220000000000000000e+02,9.398307434289089324e-01
2.230000000000000000e+02,-9.932587324142186924e-01
2.240000000000000000e+02,-1.115257978112417447e+00
2.250000000000000000e+02,2.683915518913630380e-02
2.260000000000000000e+02,9.229337959741299446e-01
2.270000000000000000e+02,5.308448180719568255e-01
2.280000000000000000e+02,-6.399250135051641752e-01
2.290000000000000000e+02,-1.108044002116130633e+00
2.300000000000000000e+02,2.966069764548663334e-01
2.310000000000000000e+02,1.303683091615602585e+00
2.320000000000000000e+02,6.305748747671953147e-01
2.330000000000000000e+02,-1.886480179071899355e-01
2.340000000000000000e+02,-1.243679597536552439e+00
2.350000000000000000e+02,4.566734572512377577e-01
2.360000000000000000e+02,1.173865204274613605e+00
2.370000000000000000e+02,7.588932798570380278e-01
2.380000000000000000e+02,-2.574285592124169186e-01
2.390000000000000000e+02,-1.205674853424975712e+00
2.400000000000000000e+02,-7.395084426512370523e-01
2.410000000000000000e+02,5.841761216605938500e-01
2.420000000000000000e+02,5.191065051240624229e-01
2.430000000000000000e+02,1.024747912547144812e-01
2.440000000000000000e+02,-7.544429028146695249e-01
2.450000000000000000e+02,1.001076303517220260e-02
2.460000000000000000e+02,7.445486703546894125e-01
2.470000000000000000e+02,6.760995006091659043e-01
2.480000000000000000e+02,-1.232391557537573235e-01
2.490000000000000000e+02,-1.244893019554644820e+00
2.500000000000000000e+02,-5.953567810632529600e-01
2.510000000000000000e+02,7.421484096970057953e-01
2.520000000000000000e+02,9.102278368951763898e-01
2.530000000000000000e+02,-3.203725375430575006e-01
2.540000000000000000e+02,-9.675792940061055392e-01
2.550000000000000000e+02,4.210412832660762605e-01
2.560000000000000000e+02,1.388944734075280074e+00
2.570000000000000000e+02,1.203627400484977850e+00
2.580000000000000000e+02,-1.894146964332850680e-01
2.590000000000000000e+02,-4.496000779443936612e-01
2.600000000000000000e+02,3.502424180401886300e-01
2.610000000000000000e+02,6.566654648434145924e-01
2.620000000000000000e+02,9.856246842551311671e-01
2.630000000000000000e+02,-8.460904627596781413e-01
2.640000000000000000e+02,-4.786799920265653596e-01
2.650000000000000000e+02,5.807022222404957523e-03
2.660000000000000000e+02,1.295135633708269118e+00
2.670000000000000000e+02,7.194745464809402247e-01
2.680000000000000000e+02,-1.158301335324289472e+00
2.690000000000000000e+02,-7.550577414344283866e-01
2.700000000000000000e+02,6.428468891492733484e-02
2.710000000000000000e+02,1.149998177588582804e+00
2.720000000000000000e+02,1.244752296859092722e+00
2.730000000000000000e+02,-3.039507534152819934e-01
2.740000000000000000e+02,-6.093064283477975795e-01
2.750000000000000000e+02,-1.237003907396795888e-01
2.760000000000000000e+02,6.692213324837268384e-01
2.770000000000000000e+02,7.278467895352036532e-01
2.780000000000000000e+02,2.438324849178430398e-02
2.790000000000000000e+02,-1.869322512770417166e-01
2.800000000000000000e+02,-1.737587240560397039e-01
2.810000000000000000e+02,1.063054482944700396e+00
2.820000000000000000e+02,-1.407849031031886966e-01
2.830000000000000000e+02,-1.333565061262682150e+00
2.840000000000000000e+02,-1.961717166121176525e+00
2.850000000000000000e+02,2.118663688777855103e-01
2.860000000000000000e+02,9.064470515758962232e-01
2.870000000000000000e+02,4.113443185336530528e-01
2.880000000000000000e+02,6.847854796028651769e-02
2.890000000000000000e+02,-9.909675670838660189e-01
2.900000000000000000e+02,7.384510445767269449e-01
2.910000000000000000e+02,1.392160756119084741e+00
2.920000000000000000e+02,9.485458336934369239e-01
2.930000000000000000e+02,-4.596015598183279538e-01
2.940000000000000000e+02,-9.797799700585924088e-01
2.950000000000000000e+02,-1.299291000118139028e-01
2.960000000000000000e+02,7.006762335893583771e-01
2.970000000000000000e+02,1.904018111691065385e-01
2.980000000000000000e+02,-6.460148004639736374e-01
2.990000000000000000e+02,-3.901202160535520158e-01
3.000000000000000000e+02,3.660994088984001471e-02
3.010000000000000000e+02,7.871029432605900489e-01
3.020000000000000000e+02,4.222608280344176679e-01
3.030000000000000000e+02,-1.219700595469395132e+00
3.040000000000000000e+02,-8.854356198001130940e-01
3.050000000000000000e+02,3.660227920966019899e-01
3.060000000000000000e+02,3.733824368186699494e-01
3.070000000000000000e+02,4.869474352260256267e-01
3.080000000000000000e+02,-1.088795430345081083e+00
3.090000000000000000e+02,-1.254698957177175167e+00
3.100000000000000000e+02,-8.591500239469233857e-02
3.110000000000000000e+02,7.708682552468522076e-01
3.120000000000000000e+02,3.024114121013215528e-01
3.130000000000000000e+02,-2.609901723137824092e-01
3.140000000000000000e+02,-8.334897962005589633e-01
3.150000000000000000e+02,1.668590551984082682e-01
3.160000000000000000e+02,8.482792925450510779e-01
3.170000000000000000e+02,1.012607610278503323e+00
3.180000000000000000e+02,-7.288569379195541931e-01
3.190000000000000000e+02,-5.550596857308570664e-01
3.200000000000000000e+02,-4.529200406390825225e-03
3.210000000000000000e+02,6.051961452206695569e-01
3.220000000000000000e+02,3.990137419092478210e-01
3.230000000000000000e+02,-5.587525362536291951e-01
3.240000000000000000e+02,-1.268915059252659239e+00
3.250000000000000000e+02,-4.971858766699260301e-01
3.260000000000000000e+02,1.026849860945490134e+00
3.270000000000000000e+02,2.639712968758512468e-01
3.280000000000000000e+02,-1.299941647937153943e-01
3.290000000000000000e+02,-7.728479424779816087e-01
3.300000000000000000e+02,7.409063707235266638e-02
3.310000000000000000e+02,8.149811957823946962e-01
3.320000000000000000e+02,1.134148431968564186e+00
3.330000000000000000e+02,-4.217757939962132885e-01
3.340000000000000000e+02,-1.270381063411958111e+00
3.350000000000000000e+02,3.576178083105353844e-02
3.360000000000000000e+02,1.289709366979606475e+00
3.370000000000000000e+02,5.619313531719055677e-01
3.380000000000000000e+02,-5.059209923485344929e-01
3.390000000000000000e+02,-1.026942608008384994e+00
3.400000000000000000e+02,-7.238741452082199379e-02
3.410000000000000000e+02,1.123471953939346735e+00
3.420000000000000000e+02,5.486299490778729915e-01
3.430000000000000000e+02,-7.982767957717801233e-02
3.440000000000000000e+02,-3.528030707226520457e-01
3.450000000000000000e+02,2.845928269199425320e-01
3.460000000000000000e+02,8.250273015470507287e-01
3.470000000000000000e+02,5.178703819171946998e-01
3.480000000000000000e+02,-1.349691074617763942e+00
3.490000000000000000e+02,-3.545918297909427253e-01
3.500000000000000000e+02,-4.006999132563549559e-01
3.510000000000000000e+02,4.513173112643721341e-01
3.520000000000000000e+02,2.973267171434927914e-01
3.530000000000000000e+02,-4.385920675037039418e-01
3.540000000000000000e+02,-8.881098616906292209e-01
3.550000000000000000e+02,-1.129327706596795766e-02
3.560000000000000000e+02,1.378713267805192988e+00
3.570000000000000000e+02,5.138552185966213104e-01
3.580000000000000000e+02,-5.859232815239912018e-01
3.590000000000000000e+02,-5.480396826420427248e-01
3.600000000000000000e+02,4.627556834563874011e-01
3.610000000000000000e+02,7.313958142866996415e-01
3.620000000000000000e+02,-2.652330345244517940e-01
3.630000000000000000e+02,-6.677540602337701525e-01
3.640000000000000000e+02,-8.545101470129934373e-02
3.650000000000000000e+02,5.117402339731304955e-02
3.660000000000000000e+02,9.224508583794771566e-01
3.670000000000000000e+02,2.345404936971695609e-02
3.680000000000000000e+02,-6.344909139181902358e-01
3.690000000000000000e+02,-1.678103121223014860e+00
3.700000000000000000e+02,-5.388165261980244480e-01
3.710000000000000000e+02,1.318308750207852764e+00
3.720000000000000000e+02,5.090872677643675237e-01
3.730000000000000000e+02,-7.173612657693971828e-01
3.740000000000000000e+02,-1.219490999930131547e+00
3.750000000000000000e+02,-5.392248319540324936e-02
3.760000000000000000e+02,5.389645607474008449e-01
3.770000000000000000e+02,3.089016242827359315e-01
3.780000000000000000e+02,-2.282274159978903150e-01
3.790000000000000000e+02,-6.770848413215697637e-01
3.800000000000000000e+02,3.221342876445970060e-01
3.810000000000000000e+02,7.352966154794327025e-01
3.820000000000000000e+02,2.994321546221199171e-01
3.830000000000000000e+02,-3.483434922184970306e-01
3.840000000000000000e+02,-4.308030611331188364e-01
3.850000000000000000e+02,-5.997545792183239972e-03
3.860000000000000000e+02,2.146928558658097730e-01
3.870000000000000000e+02,2.714920241748682295e-01
3.880000000000000000e+02,-6.021123671391285237e-01
3.890000000000000000e+02,-8.184146237517468947e-01
3.900000000000000000e+02,5.387508982162803051e-01
3.910000000000000000e+02,8.472369371531096593e-01
3.920000000000000000e+02,5.221182701515797442e-01
3.930000000000000000e+02,-5.932804671159310761e-01
3.940000000000000000e+02,-5.155873155928027973e-01
3.950000000000000000e+02,4.611825981184737855e-01
3.960000000000000000e+02,6.453045747373606922e-01
3.970000000000000000e+02,2.072040271917544585e-01
3.980000000000000000e+02,5.389114913933323869e-02
3.990000000000000000e+02,-5.608898313842880512e-01
4.000000000000000000e+02,2.308642265246367564e-01
4.010000000000000000e+02,9.496749807994759873e-01
4.020000000000000000e+02,4.941625658177538627e-01
4.030000000000000000e+02,-1.481005308963160849e-01
4.040000000000000000e+02,-8.855482496306849027e-01
4.050000000000000000e+02,3.212215123568160514e-03
4.060000000000000000e+02,1.251073152599588623e+00
4.070000000000000000e+02,3.014239718257792910e-01
4.080000000000000000e+02,-4.430494847250666668e-01
4.090000000000000000e+02,-1.139075660329818884e+00
4.100000000000000000e+02,3.929305873603731181e-01
4.110000000000000000e+02,9.216860070917795023e-01
4.120000000000000000e+02,6.530773378720930999e-01
4.130000000000000000e+02,-6.756668033466783907e-01
4.140000000000000000e+02,-3.333019604391289636e-01
4.150000000000000000e+02,1.709135568003964933e-01
4.160000000000000000e+02,1.791209977216238203e-01
4.170000000000000000e+02,8.034480403049408803e-01
4.180000000000000000e+02,-1.114132478914799385e-01
4.190000000000000000e+02,-7.557332449733201729e-01
4.200000000000000000e+02,-6.283844779906565259e-02
4.210000000000000000e+02,5.855411065009441529e-01
4.220000000000000000e+02,9.676964547933004646e-01
4.230000000000000000e+02,-4.939896358544397792e-01
4.240000000000000000e+02,-9.042104109120996380e-01
4.250000000000000000e+02,-1.266088947031543677e-01
4.260000000000000000e+02,5.434484719753630566e-01
4.270000000000000000e+02,2.028424685618894774e-01
4.280000000000000000e+02,-5.440632003052786603e-01
4.290000000000000000e+02,-6.436757172740661392e-01
4.300000000000000000e+02,-1.510250133899744551e-01
4.310000000000000000e+02,3.475087876660075681e-01
4.320000000000000000e+02,7.540146786790768996e-01
4.330000000000000000e+02,-3.412418712623932482e-01
4.340000000000000000e+02,-1.252973418440432196e+00
4.350000000000000000e+02,-2.053605476400233998e-01
4.360000000000000000e+02,9.033335996152134229e-01
4.370000000000000000e+02,4.019673103382711554e-01
4.380000000000000000e+02,-7.573276934824982876e-01
4.390000000000000000e+02,-1.065799047497661745e+00
4.400000000000000000e+02,6.712296608964785083e-01
4.410000000000000000e+02,9.023594334059790167e-01
4.420000000000000000e+02,4.810332738951229592e-01
4.430000000000000000e+02,-1.276124633225674598e+00
4.440000000000000000e+02,-5.833802113956445545e-01
4.450000000000000000e+02,-2.550018435290178354e-01
4.460000000000000000e+02,1.058107115839628021e+00
4.470000000000000000e+02,5.057575787206223250e-01
4.480000000000000000e+02,-7.159342875634744363e-02
4.490000000000000000e+02,-1.139082266536105115e+00
4.500000000000000000e+02,-4.904207647816380411e-01
4.510000000000000000e+02,6.346608547129586331e-01
4.520000000000000000e+02,1.500863442437207484e-01
4.530000000000000000e+02,-8.144069191773166683e-01
4.540000000000000000e+02,-1.264594691219231848e+00
4.550000000000000000e+02,-1.553245612101590567e-01
4.560000000000000000e+02,9.955433594142983900e-01
4.570000000000000000e+02,4.878492093789424944e-01
4.580000000000000000e+02,-2.320950564470994903e-01
4.590000000000000000e+02,-7.459176977269195152e-01
4.600000000000000000e+02,-3.781504590811645694e-01
4.610000000000000000e+02,1.003568146407826767e+00
4.620000000000000000e+02,2.708674587131991163e-01
4.630000000000000000e+02,-1.471619900831948602e+00
4.640000000000000000e+02,-5.297265961398142098e-01
4.650000000000000000e+02,-1.521896760079048108e-03
4.660000000000000000e+02,9.247571841449390151e-01
4.670000000000000000e+02,3.889731990877396406e-01
4.680000000000000000e+02,-5.203069149724244280e-01
4.690000000000000000e+02,-1.304154313305922352e+00
4.700000000000000000e+02,8.869683079878244447e-01
4.710000000000000000e+02,3.638492295045772651e-01
4.720000000000000000e+02,3.589519012895739936e-01
4.730000000000000000e+02,-3.506076244328548697e-01
4.740000000000000000e+02,-9.929632773531600343e-01
4.750000000000000000e+02,-6.133172476223383573e-02
4.760000000000000000e+02,1.103519420490534308e+00
4.770000000000000000e+02,2.508514638424146348e-01
4.780000000000000000e+02,-9.963072737107285803e-01
4.790000000000000000e+02,-6.909979067586443646e-01
4.800000000000000000e+02,1.939846775680615087e-01
4.810000000000000000e+02,6.693533670816954606e-01
4.820000000000000000e+02,3.945457101975158865e-01
4.830000000000000000e+02,-7.768758885569223560e-01
4.840000000000000000e+02,-7.584129208109731124e-01
4.850000000000000000e+02,1.034762924357982700e-01
4.860000000000000000e+02,1.255566783289755017e+00
4.870000000000000000e+02,9.543540574172059143e-01
4.880000000000000000e+02,-4.915639339986890843e-01
4.890000000000000000e+02,-5.039396148586152702e-01
4.900000000000000000e+02,-4.960603464953025621e-01
4.910000000000000000e+02,1.022770961071824747e+00
4.920000000000000000e+02,5.296653261553012637e-01
4.930000000000000000e+02,-1.534087216660282582e-01
4.940000000000000000e+02,-9.851554298201341542e-01
4.950000000000000000e+02,1.760279071546067345e-02
4.960000000000000000e+02,6.735831264494345216e-01
4.970000000000000000e+02,6.411988902851634142e-01
4.980000000000000000e+02,-6.661540198167792415e-01
4.990000000000000000e+02,-6.296029230379349695e-01
5.000000000000000000e+02,-4.564279882612587991e-01
5.010000000000000000e+02,9.121567931491360026e-01
5.020000000000000000e+02,3.881460127524919979e-01
5.030000000000000000e+02,-4.584561279256330613e-01
5.040000000000000000e+02,-3.613152705804376641e-01
5.050000000000000000e+02,-3.708917243704657613e-02
5.060000000000000000e+02,8.926736920655191643e-01
5.070000000000000000e+02,4.769532524618803615e-01
5.080000000000000000e+02,-4.804099908999437951e-01
5.090000000000000000e+02,-1.242277917123221442e+00
5.100000000000000000e+02,-6.332654743295838828e-02
5.110000000000000000e+02,1.024890308909883307e+00
5.120000000000000000e+02,1.533531647063293146e-01
5.130000000000000000e+02,-2.532517719899551878e-02
5.140000000000000000e+02,-8.676703914806613849e-01
5.150000000000000000e+02,6.657211846215115303e-01
5.160000000000000000e+02,7.204807169712280634e-01
5.170000000000000000e+02,4.645306025857765531e-01
5.180000000000000000e+02,-5.701680715880269590e-01
5.190000000000000000e+02,-1.076008493691473111e+00
5.200000000000000000e+02,3.819009724378555348e-01
5.210000000000000000e+02,1.129090918703704816e+00
5.220000000000000000e+02,3.526717960332542146e-01
5.230000000000000000e+02,-1.595352203769189736e-01
5.240000000000000000e+02,-1.171404783791984983e+00
5.250000000000000000e+02,9.718727858069826919e-02
5.260000000000000000e+02,1.055007908937618977e+00
5.270000000000000000e+02,1.110586526580058742e+00
5.280000000000000000e+02,-5.723411745887495572e-01
5.290000000000000000e+02,-1.240399576827630579e+00
5.300000000000000000e+02,-5.323869314050765356e-01
5.310000000000000000e+02,7.813315336414587975e-01
5.320000000000000000e+02,2.562503049137232480e-02
5.330000000000000000e+02,-4.417845122134833602e-02
5.340000000000000000e+02,-1.142208785572721208e+00
5.350000000000000000e+02,1.590659387204476638e-01
5.360000000000000000e+02,3.214107903424593404e-01
5.370000000000000000e+02,6.320034141981386577e-01
5.380000000000000000e+02,-1.693326989390170345e-01
5.390000000000000000e+02,-9.109261598840491247e-01
5.400000000000000000e+02,-4.583213008737174743e-01
5.410000000000000000e+02,1.384612023952818127e+00
5.420000000000000000e+02,3.343430805902262715e-01
5.430000000000000000e+02,-7.759167305830234618e-01
5.440000000000000000e+02,-9.962098334788154208e-01
5.450000000000000000e+02,-5.816676293147636789e-01
5.460000000000000000e+02,6.789616620803081704e-01
5.470000000000000000e+02,-1.026009334885323865e-01
5.480000000000000000e+02,-9.472993119247925531e-01
5.490000000000000000e+02,-3.759846360583090075e-01
5.500000000000000000e+02,-3.034232324743815767e-01
5.510000000000000000e+02,1.046701896058880754e+00
5.520000000000000000e+02,6.004784403746344923e-01
5.530000000000000000e+02,-8.944048975087639519e-01
5.540000000000000000e+02,-7.078717202801700914e-01
5.550000000000000000e+02,-1.056869858357269709e-01
5.560000000000000000e+02,8.621025984620019900e-01
5.570000000000000000e+02,6.982780996685939989e-01
5.580000000000000000e+02,-6.606904889268641057e-01
5.590000000000000000e+02,-1.015359043389396199e+00
5.600000000000000000e+02,2.861143568703621298e-01
5.610000000000000000e+02,1.478865329113091764e+00
5.620000000000000000e+02,6.964617378904949252e-01
5.630000000000000000e+02,-1.931343029046515003e-01
5.640000000000000000e+02,-8.614492585526820623e-01
5.650000000000000000e+02,1.080168880484001948e+00
5.660000000000000000e+02,1.177232316116826771e+00
5.670000000000000000e+02,7.081443715952828732e-01
5.680000000000000000e+02,-1.202098316222054986e-01
5.690000000000000000e+02,-1.087111164851362943e+00
5.700000000000000000e+02,-1.314114385709397315e-01
5.710000000000000000e+02,9.575851338153316128e-01
5.720000000000000000e+02,1.737590423146904706e-01
5.730000000000000000e+02,-4.214892629207582786e-01
5.740000000000000000e+02,-4.580707817911228719e-01
5.750000000000000000e+02,2.191980642353772435e-01
5.760000000000000000e+02,1.534709510257727061e+00
5.770000000000000000e+02,6.684501270542653195e-02
5.780000000000000000e+02,1.134119998689220310e-02
5.790000000000000000e+02,-3.209413609773497100e-01
5.800000000000000000e+02,-2.461199748860221082e-01
5.810000000000000000e+02,9.072784052865230375e-01
5.820000000000000000e+02,5.600067144767384431e-01
5.830000000000000000e+02,-8.482162679195384136e-01
5.840000000000000000e+02,-6.739200904438422679e-01
5.850000000000000000e+02,4.565498809539562247e-02
5.860000000000000000e+02,7.375446093763078359e-01
5.870000000000000000e+02,3.667065224783815358e-01
5.880000000000000000e+02,-4.337880296442282457e-01
5.890000000000000000e+02,-7.665009790152587099e-01
5.900000000000000000e+02,-2.211499484100955537e-01
5.910000000000000000e+02,1.100717824440340387e+00
5.920000000000000000e+02,4.769292526489294914e-01
5.930000000000000000e+02,6.894596563361110597e-02
5.940000000000000000e+02,-4.693400475536390615e-01
5.950000000000000000e+02,2.044128384174418722e-01
5.960000000000000000e+02,8.004150132948870677e-01
5.970000000000000000e+02,4.007754601205338885e-01
5.980000000000000000e+02,-3.059186922488921212e-02
5.990000000000000000e+02,-8.790809938743455731e-01
6.000000000000000000e+02,-2.839646644098159922e-01
6.010000000000000000e+02,8.164261773595399285e-01
6.020000000000000000e+02,1.009805744434743247e+00
6.030000000000000000e+02,2.813466636490274952e-01
6.040000000000000000e+02,-1.135262811159934104e+00
6.050000000000000000e+02,4.177375610121318861e-01
6.060000000000000000e+02,1.261942495188957736e+00
6.070000000000000000e+02,1.274755317167174606e+00
6.080000000000000000e+02,4.904242870206010352e-02
6.090000000000000000e+02,-1.065516120657203247e+00
6.100000000000000000e+02,5.928188137533285662e-01
6.110000000000000000e+02,6.645835322684924273e-01
6.120000000000000000e+02,5.077667323155948820e-02
6.130000000000000000e+02,-6.317878189061357785e-01
6.140000000000000000e+02,-6.896856734606371386e-01
6.150000000000000000e+02,1.040353080039278399e+00
6.160000000000000000e+02,9.312449912546210129e-01
6.170000000000000000e+02,5.599955810372776455e-01
6.180000000000000000e+02,-1.181463559897083293e+00
6.190000000000000000e+02,-3.542784475641684860e-01
6.200000000000000000e+02,2.326345913226116752e-02
6.210000000000000000e+02,9.833365175280452952e-01
6.220000000000000000e+02,5.083397661251525257e-01
6.230000000000000000e+02,-1.398014562515911829e-01
6.240000000000000000e+02,-9.827113579383448538e-01
6.250000000000000000e+02,3.083743939103975595e-01
6.260000000000000000e+02,5.429717065331081116e-01
6.270000000000000000e+02,2.944958651596945032e-01
6.280000000000000000e+02,-8.738269258201321055e-01
6.290000000000000000e+02,-1.241382424448536526e+00
6.300000000000000000e+02,-9.894540657793829408e-02
6.310000000000000000e+02,8.934939002022972421e-01
6.320000000000000000e+02,5.075633775813848114e-01
6.330000000000000000e+02,-2.004057601955019918e-01
6.340000000000000000e+02,-4.705594192116379082e-01
6.350000000000000000e+02,5.407128038674979820e-01
6.360000000000000000e+02,1.060963215805931892e+00
6.370000000000000000e+02,2.733255020864697182e-01
6.380000000000000000e+02,-6.813996067469152429e-02
6.390000000000000000e+02,-1.215825036423744399e+00
6.400000000000000000e+02,4.159976933332221183e-01
6.410000000000000000e+02,1.132840514033864432e+00
6.420000000000000000e+02,6.565331214359074741e-01
6.430000000000000000e+02,-3.390832689783860321e-01
6.440000000000000000e+02,-8.355676776453967447e-01
6.450000000000000000e+02,-3.097726868095576624e-01
6.460000000000000000e+02,1.070712829499419039e+00
6.470000000000000000e+02,8.380513133042748475e-01
6.480000000000000000e+02,-4.353837219811163561e-01
6.490000000000000000e+02,-1.170183644526233468e+00
6.500000000000000000e+02,-4.938002613224153903e-01
6.510000000000000000e+02,1.139206796716963010e+00
6.520000000000000000e+02,9.130904561007109344e-01
6.530000000000000000e+02,-2.683891607226223663e-01
6.540000000000000000e+02,-6.210938691446226123e-01
6.550000000000000000e+02,1.276279830739990295e-01
6.560000000000000000e+02,9.542200109426018928e-01
6.570000000000000000e+02,5.835347129282594247e-01
6.580000000000000000e+02,-6.673252968159748555e-01
6.590000000000000000e+02,-2.223176148544834252e-01
6.600000000000000000e+02,3.395866486539061424e-01
6.610000000000000000e+02,1.295728382329151884e+00
6.620000000000000000e+02,3.138457646863966888e-01
6.630000000000000000e+02,-4.958623907288812749e-01
6.640000000000000000e+02,-9.015613393189146896e-01
6.650000000000000000e+02,-8.002989064545984466e-02
6.660000000000000000e+02,1.137382488580963580e-01
6.670000000000000000e+02,5.438345535917966656e-01
6.680000000000000000e+02,-2.303106255333918218e-01
6.690000000000000000e+02,-9.548764206976398938e-01
6.700000000000000000e+02,3.438997774037946820e-01
6.710000000000000000e+02,1.138369438828078506e+00
6.720000000000000000e+02,7.280438324382547677e-01
6.730000000000000000e+02,-2.752642288373248758e-01
6.740000000000000000e+02,-6.858377554059146286e-01
6.750000000000000000e+02,-7.007372692487977284e-02
6.760000000000000000e+02,7.413307862793009351e-01
6.770000000000000000e+02,4.232244916365389686e-01
6.780000000000000000e+02,-4.402033007486506055e-01
6.790000000000000000e+02,-1.187267998355243437e+00
6.800000000000000000e+02,-2.825662010359056286e-01
6.810000000000000000e+02,8.990519217117300954e-01
6.820000000000000000e+02,2.891911643107286656e-01
6.830000000000000000e+02,-3.239733934283145489e-01
6.840000000000000000e+02,-1.167423375878510639e+00
6.850000000000000000e+02,-6.702120186984389383e-02
6.860000000000000000e+02,8.223588699620406617e-01
6.870000000000000000e+02,5.517492780708714850e-01
6.880000000000000000e+02,-3.024688795706931277e-01
6.890000000000000000e+02,-6.533775864762639829e-01
6.900000000000000000e+02,2.616172452794419678e-01
6.910000000000000000e+02,1.433549662883343956e+00
6.920000000000000000e+02,8.652512464535071501e-01
6.930000000000000000e+02,-6.111028097509803025e-01
6.940000000000000000e+02,-1.067288574622662356e+00
6.950000000000000000e+02,1.235780878311295711e-01
6.960000000000000000e+02,9.790762798804280020e-01
6.970000000000000000e+02,8.134179338491174249e-01
6.980000000000000000e+02,-7.696884684582044889e-02
6.990000000000000000e+02,-9.738020723648852517e-01
7.000000000000000000e+02,-8.231518470811579127e-03
7.010000000000000000e+02,6.288488269681661302e-01
7.020000000000000000e+02,8.414822708273572704e-01
7.030000000000000000e+02,-5.787270358082268196e-01
7.040000000000000000e+02,-1.084371290303764113e+00
7.050000000000000000e+02,-7.080484957863610873e-01
7.060000000000000000e+02,1.168243471144654322e+00
7.070000000000000000e+02,7.802861235799021244e-01
7.080000000000000000e+02,-9.376317401841940402e-01
7.090000000000000000e+02,-1.322005244287662640e+00
7.100000000000000000e+02,1.164002925494128093e-01
7.110000000000000000e+02,1.086510082939126542e+00
7.120000000000000000e+02,5.054271491690843776e-01
7.130000000000000000e+02,-7.030424665183327981e-01
7.140000000000000000e+02,-1.079414923968383677e+00
7.150000000000000000e+02,-3.987116118009342292e-01
7.160000000000000000e+02,7.281057550120081379e-01
7.170000000000000000e+02,2.422563814267323923e-01
7.180000000000000000e+02,-4.811064442406837172e-01
7.190000000000000000e+02,-7.872042357525822487e-01
7.200000000000000000e+02,-2.278504985935549954e-01
7.210000000000000000e+02,1.171866551818702362e+00
7.220000000000000000e+02,1.820425227343039354e-01
7.230000000000000000e+02,-6.049181584835783276e-02
7.240000000000000000e+02,-1.144899000390569910e+00
7.250000000000000000e+02,1.862644683971962367e-01
7.260000000000000000e+02,1.350223838242367691e+00
7.270000000000000000e+02,7.355812660380567358e-01
7.280000000000000000e+02,-8.850892059591199956e-01
7.290000000000000000e+02,-4.615434400661316827e-01
7.300000000000000000e+02,-4.509533896187693514e-01
7.310000000000000000e+02,6.609534747118428477e-01
7.320000000000000000e+02,8.716823603778155460e-01
7.330000000000000000e+02,-2.547296685512014380e-01
7.340000000000000000e+02,-1.108385535786356124e+00
7.350000000000000000e+02,-5.344680435263576834e-01
7.360000000000000000e+02,1.062186397672927995e+00
7.370000000000000000e+02,8.625109605483110009e-01
7.380000000000000000e+02,-1.512449252952897671e-01
7.390000000000000000e+02,1.061218012990364779e-01
7.400000000000000000e+02,-1.481862841915748685e-01
7.410000000000000000e+02,8.551278876682497643e-01
7.420000000000000000e+02,5.958597088627016758e-01
7.430000000000000000e+02,-8.766084176983031107e-01
7.440000000000000000e+02,-1.225567936852837825e+00
7.450000000000000000e+02,1.587752150930156481e-02
7.460000000000000000e+02,1.335252962383994380e+00
7.470000000000000000e+02,3.918279280555208577e-01
7.480000000000000000e+02,-5.385807671893273474e-01
7.490000000000000000e+02,-1.013088277393892067e+00
7.500000000000000000e+02,2.523834764307529999e-03
7.510000000000000000e+02,1.334203424991945885e+00
7.520000000000000000e+02,1.836016107205020176e-01
7.530000000000000000e+02,-8.835052903017046599e-01
7.540000000000000000e+02,-1.020048614124716702e+00
7.550000000000000000e+02,3.787235094010203695e-02
7.560000000000000000e+02,6.597464317068951756e-01
7.570000000000000000e+02,7.121535907340195148e-01
7.580000000000000000e+02,-7.692386794893419921e-01
7.590000000000000000e+02,-8.122252973261129272e-01
7.600000000000000000e+02,1.200876754182376854e-01
7.610000000000000000e+02,1.461418690449822755e+00
7.620000000000000000e+02,8.515766821488698346e-01
7.630000000000000000e+02,9.305276567701781243e-02
7.640000000000000000e+02,-6.054652072022937981e-01
7.650000000000000000e+02,1.464463322235430298e-01
7.660000000000000000e+02,9.568597244557078829e-01
7.670000000000000000e+02,8.043386511643354497e-01
7.680000000000000000e+02,-6.199006594133191772e-01
7.690000000000000000e+02,-7.597688154013352291e-01
7.700000000000000000e+02,1.827148223854054565e-01
7.710000000000000000e+02,6.142952475940914869e-01
7.720000000000000000e+02,9.845035876971763855e-02
7.730000000000000000e+02,-1.049587731174953076e+00
7.740000000000000000e+02,-1.302219318656619551e+00
7.750000000000000000e+02,4.471318237918289196e-01
7.760000000000000000e+02,1.338671124621532815e+00
7.770000000000000000e+02,4.158288773633653790e-01
7.780000000000000000e+02,-2.685944792883032117e-01
7.790000000000000000e+02,-8.731301668458225640e-01
7.800000000000000000e+02,3.700746154174662239e-01
7.810000000000000000e+02,2.232406390602833524e-01
7.820000000000000000e+02,6.669952204506918170e-01
7.830000000000000000e+02,4.230470918829855043e-01
7.840000000000000000e+02,-6.425876427722653217e-01
7.850000000000000000e+02,8.427070922552050147e-01
7.860000000000000000e+02,1.190623991591552633e+00
7.870000000000000000e+02,3.500205360411490219e-01
7.880000000000000000e+02,-2.779936539246914418e-01
7.890000000000000000e+02,-4.623162966893513692e-01
7.900000000000000000e+02,1.829413205661962472e-01
7.910000000000000000e+02,8.770633280530534259e-01
7.920000000000000000e+02,6.638409970309900876e-01
7.930000000000000000e+02,-5.918433264903765201e-01
7.940000000000000000e+02,-5.827921678658831706e-01
7.950000000000000000e+02,8.406418648553602713e-02
7.960000000000000000e+02,9.324256830283313979e-01
7.970000000000000000e+02,2.442156510726785079e-01
7.980000000000000000e+02,-9.275132822899172513e-01
7.990000000000000000e+02,-9.747369257937967824e-01
8.000000000000000000e+02,6.681371351141749404e-01
8.010000000000000000e+02,8.037310444621335037e-01
8.020000000000000000e+02,5.599393921257395101e-01
8.030000000000000000e+02,-1.370559521037916229e-01
8.040000000000000000e+02,-1.245855045194800503e+00
8.050000000000000000e+02,-1.358192340725586089e-01
8.060000000000000000e+02,9.116739265758586619e-01
8.070000000000000000e+02,7.142259264618973091e-01
8.080000000000000000e+02,-7.176673803553801356e-01
8.090000000000000000e+02,-6.515878663613285937e-01
8.100000000000000000e+02,-4.519256868290155715e-01
8.110000000000000000e+02,6.079650658884596659e-01
8.120000000000000000e+02,5.010291411929845840e-01
8.130000000000000000e+02,-6.485786998667208980e-02
8.140000000000000000e+02,-1.370872040578943185e+00
8.150000000000000000e+02,-3.137514426678396275e-03
8.160000000000000000e+02,8.387168745966059324e-01
8.170000000000000000e+02,5.994351637106228869e-01
8.180000000000000000e+02,-4.695438986459307684e-01
8.190000000000000000e+02,-9.046968882497337106e-01
8.200000000000000000e+02,-3.663575779532770582e-01
8.210000000000000000e+02,1.308696518556242250e+00
8.220000000000000000e+02,5.132987515038749393e-01
8.230000000000000000e+02,-3.547602977953409620e-01
8.240000000000000000e+02,-8.920482611863447264e-01
8.250000000000000000e+02,-3.441371899218538533e-02
8.260000000000000000e+02,9.269942260484141938e-01
8.270000000000000000e+02,3.130590309837990581e-01
8.280000000000000000e+02,-7.537387157944882565e-01
8.290000000000000000e+02,-8.403427915720264041e-01
8.300000000000000000e+02,-3.692217910976403061e-01
8.310000000000000000e+02,7.533670684194433420e-01
8.320000000000000000e+02,4.273054892996824283e-01
8.330000000000000000e+02,-4.391592446618294843e-01
8.340000000000000000e+02,-2.910241819718247802e-01
8.350000000000000000e+02,-4.304579401390531967e-01
8.360000000000000000e+02,8.705635943841514290e-01
8.370000000000000000e+02,8.071780810056164990e-01
8.380000000000000000e+02,-4.872889289028671800e-01
8.390000000000000000e+02,-1.034268911379716549e+00
8.400000000000000000e+02,-2.776334687952821123e-01
8.410000000000000000e+02,1.685241441981094823e+00
8.420000000000000000e+02,5.875358342618851593e-01
8.430000000000000000e+02,-5.669134970513904914e-01
8.440000000000000000e+02,-5.516549020274608139e-01
8.450000000000000000e+02,-1.093047001992993733e-01
8.460000000000000000e+02,1.267853697195105322e+00
8.470000000000000000e+02,8.958794320044072279e-02
8.480000000000000000e+02,-4.857100762122476545e-01
8.490000000000000000e+02,-8.090743090204342014e-01
8.500000000000000000e+02,-1.696107345721993287e-01
8.510000000000000000e+02,6.061566223203752601e-01
8.520000000000000000e+02,1.080224974509989888e+00
8.530000000000000000e+02,-7.730483043997888881e-01
8.540000000000000000e+02,-1.160650198126771837e+00
8.550000000000000000e+02,6.559280761237695767e-02
8.560000000000000000e+02,7.350368535941994574e-01
8.570000000000000000e+02,3.998572362935332025e-01
8.580000000000000000e+02,-3.524932893841807302e-01
8.590000000000000000e+02,-1.142063607650681822e+00
8.600000000000000000e+02,1.620163834039479167e-01
8.610000000000000000e+02,1.015155493275122112e+00
8.620000000000000000e+02,2.263187679555595522e-01
8.630000000000000000e+02,-3.562312389587943828e-01
8.640000000000000000e+02,-7.725723372457407034e-01
8.650000000000000000e+02,-1.228438710954486701e-01
8.660000000000000000e+02,1.012402892499664420e+00
8.670000000000000000e+02,5.487645811475830859e-01
8.680000000000000000e+02,-6.210512736266018408e-01
8.690000000000000000e+02,-5.360169463780686261e-01
8.700000000000000000e+02,-3.832022521618986318e-03
8.710000000000000000e+02,5.381954350292997846e-01
8.720000000000000000e+02,5.023959105185336060e-01
8.730000000000000000e+02,-5.389815183604710347e-01
8.740000000000000000e+02,-4.429049683419275518e-01
8.750000000000000000e+02,2.317413737583129407e-02
8.760000000000000000e+02,1.104383280184029870e+00
8.770000000000000000e+02,8.344406179050197769e-01
8.780000000000000000e+02,-2.595630741002123432e-01
8.790000000000000000e+02,-1.109729890326007329e+00
8.800000000000000000e+02,1.157608691870852802e-01
8.810000000000000000e+02,1.184544404819313224e-01
8.820000000000000000e+02,2.097090075016733723e-01
8.830000000000000000e+02,-9.180988014940607567e-01
8.840000000000000000e+02,-8.653881617755703193e-01
8.850000000000000000e+02,-4.295454663156372810e-01
8.860000000000000000e+02,6.158479069879666534e-01
8.870000000000000000e+02,5.512236312460219168e-01
8.880000000000000000e+02,-1.007181499594351104e+00
8.890000000000000000e+02,-1.292781508409849511e+00
8.900000000000000000e+02,-4.396990805474726982e-01
8.910000000000000000e+02,9.095877320490350915e-01
8.920000000000000000e+02,2.084803030566088622e-01
8.930000000000000000e+02,-4.942931096629029630e-01
8.940000000000000000e+02,-1.053153581128102534e+00
8.950000000000000000e+02,-1.836188318274795117e-01
8.960000000000000000e+02,1.040109852487363540e+00
8.970000000000000000e+02,6.386308119021906204e-01
8.980000000000000000e+02,-3.807170716907787855e-01
8.990000000000000000e+02,-1.379324559327200772e-01
9.000000000000000000e+02,2.847370151809098804e-01
9.010000000000000000e+02,4.578693718588375261e-01
9.020000000000000000e+02,6.665650797309550235e-01
9.030000000000000000e+02,-4.449423424349472356e-01
9.040000000000000000e+02,-1.077132152785625241e+00
9.050000000000000000e+02,-3.233873148140119502e-01
9.060000000000000000e+02,7.538460576754240083e-01
9.070000000000000000e+02,6.700619753102483589e-01
9.080000000000000000e+02,-9.940658412464556948e-01
9.090000000000000000e+02,-1.206700476722122550e+00
9.100000000000000000e+02,6.966247158340101997e-01
9.110000000000000000e+02,9.995356583482091217e-01
9.120000000000000000e+02,2.775945347995653067e-01
9.130000000000000000e+02,-3.542540623972609826e-01
9.140000000000000000e+02,-1.530577209964340879e+00
9.150000000000000000e+02,8.686220690635532149e-02
9.160000000000000000e+02,8.811629547054052880e-01
9.170000000000000000e+02,9.237331977304479302e-01
9.180000000000000000e+02,-1.707341845301643346e+00
9.190000000000000000e+02,-8.960729884411042789e-01
9.200000000000000000e+02,7.475958457699938275e-02
9.210000000000000000e+02,6.622495830501651248e-01
9.220000000000000000e+02,9.727210885130787021e-01
9.230000000000000000e+02,-4.195955161024456093e-01
9.240000000000000000e+02,-6.333050833643579791e-01
9.250000000000000000e+02,9.322884852614214679e-02
9.260000000000000000e+02,8.796205592378965044e-01
9.270000000000000000e+02,5.870257286935818275e-01
9.280000000000000000e+02,-1.092889515690631086e+00
9.290000000000000000e+02,-1.539471107963510832e+00
9.300000000000000000e+02,-5.292877782079798143e-02
9.310000000000000000e+02,7.284488392862962236e-01
9.320000000000000000e+02,3.728785558028182567e-01
9.330000000000000000e+02,-7.315802033524920756e-01
9.340000000000000000e+02,-6.587157514932818758e-01
9.350000000000000000e+02,3.044422444365832980e-01
9.360000000000000000e+02,1.349568245746475714e+00
9.370000000000000000e+02,1.542719243010426400e-02
9.380000000000000000e+02,-8.337907625818044011e-01
9.390000000000000000e+02,-1.402957579332819504e+00
9.400000000000000000e+02,1.452333966636995266e-01
9.410000000000000000e+02,1.073074536272462742e+00
9.420000000000000000e+02,5.054244820003317429e-01
9.430000000000000000e+02,-5.348497436331405286e-01
9.440000000000000000e+02,-7.044446168383797779e-01
9.450000000000000000e+02,-9.973964675968202687e-02
9.460000000000000000e+02,1.252267099781559700e+00
9.470000000000000000e+02,9.623696132515346946e-02
9.480000000000000000e+02,-3.047053743307811535e-01
9.490000000000000000e+02,-1.185257597314887779e+00
9.500000000000000000e+02,1.294600071933253993e-01
9.510000000000000000e+02,1.037234487580174669e+00
9.520000000000000000e+02,6.059687288702773067e-01
9.530000000000000000e+02,-1.111394773202161401e+00
9.540000000000000000e+02,-1.342036406086706490e+00
9.550000000000000000e+02,-1.747358966241744360e-01
9.560000000000000000e+02,1.029940832485295887e+00
9.570000000000000000e+02,8.124589627397540426e-01
9.580000000000000000e+02,-8.575124405756356927e-02
9.590000000000000000e+02,-9.845952060829948893e-01
9.600000000000000000e+02,-6.676527966472184383e-02
9.610000000000000000e+02,5.926685683306001096e-01
9.620000000000000000e+02,6.446643306783350624e-02
9.630000000000000000e+02,3.202717935332155541e-02
9.640000000000000000e+02,-4.819443506128960886e-01
9.650000000000000000e+02,3.039977036779218933e-01
9.660000000000000000e+02,1.159614568261341239e+00
9.670000000000000000e+02,5.778661054919338458e-01
9.680000000000000000e+02,-4.889413056670270930e-01
9.690000000000000000e+02,-1.244188238057763574e+00
9.700000000000000000e+02,1.997859382798920225e-01
9.710000000000000000e+02,1.004706857012409804e+00
9.720000000000000000e+02,2.218556705663091710e-01
9.730000000000000000e+02,-2.053969319833237606e-01
9.740000000000000000e+02,-1.169881974182195084e+00
9.750000000000000000e+02,-3.285329139100163776e-01
9.760000000000000000e+02,7.133386063469995264e-01
9.770000000000000000e+02,5.022388960953674264e-01
9.780000000000000000e+02,-7.132611979045350159e-01
9.790000000000000000e+02,-5.427334398344195732e-01
9.800000000000000000e+02,-6.462755076081931893e-01
9.810000000000000000e+02,5.805208802438941440e-01
9.820000000000000000e+02,5.767788287417988657e-01
9.830000000000000000e+02,-5.951753809125053252e-01
9.840000000000000000e+02,-7.014770604819332567e-01
9.850000000000000000e+02,5.964804358953551544e-02
9.860000000000000000e+02,5.926745042905408045e-01
9.870000000000000000e+02,4.719599607787978157e-01
9.880000000000000000e+02,-5.314267146350680759e-01
9.890000000000000000e+02,-7.469936286461005270e-01
9.900000000000000000e+02,-6.242065522279101053e-01
9.910000000000000000e+02,1.086108217071637405e+00
9.920000000000000000e+02,6.400053522497838321e-01
9.930000000000000000e+02,-9.462395747096961074e-01
9.940000000000000000e+02,-7.422501597171778931e-01
9.950000000000000000e+02,-4.271498508170030323e-02
9.960000000000000000e+02,7.857031352267848101e-01
9.970000000000000000e+02,5.378746381400023591e-01
9.980000000000000000e+02,-1.149846192105005382e+00
9.990000000000000000e+02,-9.613178488764007046e-01
1.000000000000000000e+03,2.471512205851490729e-01
1.001000000000000000e+03,5.208807428909321136e-01
1.002000000000000000e+03,1.142085918095839592e+00
1.003000000000000000e+03,-4.195871045756608964e-01
1.004000000000000000e+03,-6.133586790242027131e-01
1.005000000000000000e+03,1.239763611083188888e-01
1.006000000000000000e+03,6.434525006059649277e-01
1.007000000000000000e+03,4.618600572254012437e-01
1.008000000000000000e+03,-1.086457148201100287e+00
1.009000000000000000e+03,-7.119490718933905171e-01
1.010000000000000000e+03,1.806346004834943619e-01
1.011000000000000000e+03,1.199818447855638404e+00
1.012000000000000000e+03,4.089777750663899925e-01
1.013000000000000000e+03,-9.789165751689012929e-01
1.014000000000000000e+03,-8.744915422765302537e-01
1.015000000000000000e+03,7.709324747914592102e-02
1.016000000000000000e+03,5.977661438278485395e-01
1.017000000000000000e+03,5.945733935553875193e-01
1.018000000000000000e+03,-6.812119672250891433e-01
1.019000000000000000e+03,-1.022319958805910867e+00
1.020000000000000000e+03,3.282407435208224422e-01
1.021000000000000000e+03,1.098080058161154948e+00
1.022000000000000000e+03,8.862799228104714100e-01
1.023000000000000000e+03,-1.162310708012781912e+00
1.024000000000000000e+03,-8.829625769333800944e-01
1.025000000000000000e+03,2.665527357701558131e-01
1.026000000000000000e+03,7.589678441360762084e-01
1.027000000000000000e+03,-1.456403638740417783e-01
1.028000000000000000e+03,-6.569097127711269746e-01
1.029000000000000000e+03,-5.279874438652230051e-01
1.030000000000000000e+03,-4.179140637997514340e-01
1.031000000000000000e+03,7.247685527597048649e-01
1.032000000000000000e+03,3.956244982775967700e-01
1.033000000000000000e+03,-7.424729380153166636e-01
1.034000000000000000e+03,-9.818121676666605735e-01
1.035000000000000000e+03,4.521897267206407833e-01
1.036000000000000000e+03,6.144324843379809220e-01
1.037000000000000000e+03,5.254296946797019086e-01
1.038000000000000000e+03,-7.429790977846010280e-01
1.039000000000000000e+03,-4.685970518095275428e-01
1.040000000000000000e+03,9.156936107629565225e-02
1.041000000000000000e+03,7.391021027500068730e-01
1.042000000000000000e+03,6.053687869389993148e-01
1.043000000000000000e+03,2.640972651699369234e-02
1.044000000000000000e+03,-7.588469332958162061e-01
1.045000000000000000e+03,3.096915088479743061e-02
1.046000000000000000e+03,1.095395949886134979e+00
1.047000000000000000e+03,2.822033357035490519e-01
1.048000000000000000e+03,-8.818349093422075402e-01
1.049000000000000000e+03,-1.067414976851535746e+00
1.050000000000000000e+03,8.041561884895465084e-02
1.051000000000000000e+03,1.398926968041484642e+00
1.052000000000000000e+03,9.162657579018460563e-01
1.053000000000000000e+03,-1.426594197392447416e+00
1.054000000000000000e+03,-8.421910673756489718e-01
1.055000000000000000e+03,5.392607691239110768e-01
1.056000000000000000e+03,1.022830196695394545e+00
1.057000000000000000e+03,6.343414871958943380e-01
1.058000000000000000e+03,-4.707918881327229355e-01
1.059000000000000000e+03,-8.718272982258572501e-01
1.060000000000000000e+03,1.436648189398917475e-01
1.061000000000000000e+03,1.148540437115115775e+00
1.062000000000000000e+03,5.590744254402293389e-01
1.063000000000000000e+03,-2.402138460610686588e-01
1.064000000000000000e+03,-1.127270393945443594e+00
1.065000000000000000e+03,4.014644673278932596e-01
1.066000000000000000e+03,5.260898110682602491e-01
1.067000000000000000e+03,5.328584517679004762e-01
1.068000000000000000e+03,1.653162677317079332e-01
1.069000000000000000e+03,-8.344612034383299681e-01
1.070000000000000000e+03,-3.965962068340763147e-01
1.071000000000000000e+03,4.484547694771456317e-01
1.072000000000000000e+03,1.526656450011820709e-02
1.073000000000000000e+03,-3.518394941732153614e-01
1.074000000000000000e+03,-4.095946260200822309e-02
1.075000000000000000e+03,4.075776698360431688e-02
1.076000000000000000e+03,1.418150273590160104e+00
1.077000000000000000e+03,6.844682933049023310e-01
1.078000000000000000e+03,-2.514308148764812234e-01
1.079000000000000000e+03,-1.164288991969011811e+00
1.080000000000000000e+03,1.869366013892833356e-01
1.081000000000000000e+03,1.002458318374035207e+00
1.082000000000000000e+03,4.849296020709837896e-01
1.083000000000000000e+03,-1.182442642752227879e+00
1.084000000000000000e+03,-5.962972419371712629e-01
1.085000000000000000e+03,1.537857947627179530e-03
1.086000000000000000e+03,1.321711341289175223e+00
1.087000000000000000e+03,-3.890153347258896721e-01
1.088000000000000000e+03,-3.501027647847666513e-01
1.089000000000000000e+03,-1.386467687881534960e+00
1.090000000000000000e+03,3.038941350639433603e-01
1.091000000000000000e+03,5.208350561690451297e-01
1.092000000000000000e+03,6.902637883428016652e-01
1.093000000000000000e+03,-5.636757890793532288e-01
1.094000000000000000e+03,-1.185808088314993292e+00
1.095000000000000000e+03,-5.889440189745612578e-03
1.096000000000000000e+03,1.114236979297109409e+00
1.097000000000000000e+03,8.651903656765693729e-01
1.098000000000000000e+03,-8.473432240586556974e-01
1.099000000000000000e+03,-7.705215002806229396e-01
1.100000000000000000e+03,1.483445464873283347e-02
1.101000000000000000e+03,1.491769563569855794e+00
1.102000000000000000e+03,5.267248858367771236e-01
1.103000000000000000e+03,-5.589775550178825991e-01
1.104000000000000000e+03,-1.067520699770019732e+00
1.105000000000000000e+03,-2.457138812118596360e-01
1.106000000000000000e+03,5.079410027860160604e-01
1.107000000000000000e+03,8.605943412173278073e-01
1.108000000000000000e+03,-3.122254631268205349e-01
1.109000000000000000e+03,-1.218128768272820572e+00
1.110000000000000000e+03,-1.408877618156796074e-01
1.111000000000000000e+03,2.850254216038423660e-01
1.112000000000000000e+03,1.198822800761891738e-01
1.113000000000000000e+03,-9.071235101050438843e-01
1.114000000000000000e+03,-9.605348088315917021e-01
1.115000000000000000e+03,6.053784838391478018e-02
1.116000000000000000e+03,7.800407838412631856e-01
1.117000000000000000e+03,3.343066129164506961e-01
1.118000000000000000e+03,-7.335201220581468728e-01
1.119000000000000000e+03,-6.845146043250771584e-01
1.120000000000000000e+03,3.087624817106294217e-01
1.121000000000000000e+03,1.057241695624854261e+00
1.122000000000000000e+03,9.644606090211607086e-01
1.123000000000000000e+03,-5.068079948814356861e-01
1.124000000000000000e+03,-1.232580567284501383e+00
1.125000000000000000e+03,-1.988675644598863756e-01
1.126000000000000000e+03,8.690227317441027166e-01
1.127000000000000000e+03,-1.400063159924279654e-01
1.128000000000000000e+03,-9.071846635143637760e-01
1.129000000000000000e+03,-5.946639961981621259e-01
1.130000000000000000e+03,9.815899556788744429e-02
1.131000000000000000e+03,7.988436307859803076e-01
1.132000000000000000e+03,-5.359206174624220331e-02
1.133000000000000000e+03,-3.267132647508010357e-01
1.134000000000000000e+03,-5.760606235335443692e-01
1.135000000000000000e+03,-6.034375111181382589e-01
1.136000000000000000e+03,5.284693780561903198e-01
1.137000000000000000e+03,4.555022002014866844e-01
1.138000000000000000e+03,-7.275874836560334291e-01
1.139000000000000000e+03,-4.342708781687796837e-01
1.140000000000000000e+03,2.586568981428513103e-01
1.141000000000000000e+03,3.920707778748904193e-01
1.142000000000000000e+03,5.593931601576205281e-01
1.143000000000000000e+03,-6.705538475749502902e-01
1.144000000000000000e+03,-3.173276224956108615e-01
1.145000000000000000e+03,-5.790442137396024647e-01
1.146000000000000000e+03,1.127593114312864797e+00
1.147000000000000000e+03,2.764428373256185845e-01
1.148000000000000000e+03,-4.794425514657702503e-01
1.149000000000000000e+03,-1.132808023085124072e+00
1.150000000000000000e+03,-4.034272086266514346e-01
1.151000000000000000e+03,9.345625389917214809e-01
1.152000000000000000e+03,2.903701038425570147e-01
1.153000000000000000e+03,-8.505090231468472872e-01
1.154000000000000000e+03,-1.202632712672065285e+00
1.155000000000000000e+03,-1.314804240678162928e-01
1.156000000000000000e+03,1.010195351697000810e+00
1.157000000000000000e+03,9.563277659032221045e-01
1.158000000000000000e+03,-5.378511722867952427e-01
1.159000000000000000e+03,-9.967153469653038389e-01
1.160000000000000000e+03,3.705052203538374278e-01
1.161000000000000000e+03,1.314250218255498925e+00
1.162000000000000000e+03,4.137729206979413599e-01
1.163000000000000000e+03,-1.860055642132980580e-01
1.164000000000000000e+03,-8.914985707270649540e-01
1.165000000000000000e+03,1.382107683646010277e-01
1.166000000000000000e+03,1.405427030752371520e+00
1.167000000000000000e+03,7.238482691983574302e-01
1.168000000000000000e+03,-2.659225402302749508e-01
1.169000000000000000e+03,-1.056425140207879476e+00
1.170000000000000000e+03,-1.516210541877973383e-01
1.171000000000000000e+03,8.763164009407162780e-01
1.172000000000000000e+03,8.910033127646954654e-01
1.173000000000000000e+03,-9.331175515836109824e-01
1.174000000000000000e+03,-8.471343475437640436e-01
1.175000000000000000e+03,-3.531521679742089526e-01
1.176000000000000000e+03,8.334412551541618974e-01
1.177000000000000000e+03,4.025693091793074441e-01
1.178000000000000000e+03,-6.926143078637974071e-01
1.179000000000000000e+03,-9.248512651709381860e-01
1.180000000000000000e+03,-9.025234407839159700e-02
1.181000000000000000e+03,2.618363853619433135e-01
1.182000000000000000e+03,8.331606555749495602e-01
1.183000000000000000e+03,-8.816155431209312665e-01
1.184000000000000000e+03,-5.208227009935044727e-01
1.185000000000000000e+03,-8.062406435668154070e-02
1.186000000000000000e+03,1.448675621848192652e+00
1.187000000000000000e+03,1.673829928881768736e-01
1.188000000000000000e+03,-1.145585483175828756e+00
1.189000000000000000e+03,-7.098309688634960590e-01
1.190000000000000000e+03,-3.994337942186090840e-01
1.191000000000000000e+03,6.656674231959232024e-01
1.192000000000000000e+03,7.884082844879543028e-01
1.193000000000000000e+03,-9.086122636874713887e-01
1.194000000000000000e+03,-1.373801833470197131e+00
1.195000000000000000e+03,2.388685306530906327e-03
1.196000000000000000e+03,3.937105996420748322e-01
1.197000000000000000e+03,9.203036357168539183e-01
1.198000000000000000e+03,-1.610681922118593623e-01
1.199000000000000000e+03,-8.364852098749356868e-01
