0.000000000000000000e+00,4.717318760368047897e-02
1.000000000000000000e+00,-1.698184178122318366e-01
2.000000000000000000e+00,1.265244201119560541e-01
3.000000000000000000e+00,-7.585951798963309206e-03
4.000000000000000000e+00,-3.436049345034639796e-02
5.000000000000000000e+00,-8.929346510478824994e-02
6.000000000000000000e+00,1.582072103854541278e-01
7.000000000000000000e+00,-2.138750147200949719e-02
8.000000000000000000e+00,-1.947336211738321943e-01
9.000000000000000000e+00,4.648128241454310694e-02
1.000000000000000000e+01,1.442206424498138906e-01
1.100000000000000000e+01,-3.721917402608836134e-02
1.200000000000000000e+01,2.275620816703874394e-01
1.300000000000000000e+01,-1.766375794551776068e-01
1.400000000000000000e+01,-4.805272421894728196e-02
1.500000000000000000e+01,-1.736330020997562951e-01
1.600000000000000000e+01,1.679680107423818791e-01
1.700000000000000000e+01,3.648127725615004507e-02
1.800000000000000000e+01,1.515364436530918513e-01
1.900000000000000000e+01,-7.073565756431499096e-02
2.000000000000000000e+01,4.382266352279619304e-02
2.100000000000000000e+01,2.390505856783596908e-02
2.200000000000000000e+01,-3.718925176923944947e-02
2.300000000000000000e+01,5.958165773279915783e-02
2.400000000000000000e+01,2.988246663425733404e-02
2.500000000000000000e+01,-1.234771615995499672e-01
2.600000000000000000e+01,1.698084174004683145e-01
2.700000000000000000e+01,-6.857753263761902363e-02
2.800000000000000000e+01,5.887029039196204488e-02
2.900000000000000000e+01,-2.850622491009716097e-02
3.000000000000000000e+01,7.542598962089114289e-03
3.100000000000000000e+01,8.490322913174072617e-02
3.200000000000000000e+01,2.054029540714755880e-02
3.300000000000000000e+01,-1.061672426902355304e-01
3.400000000000000000e+01,-6.216414987151336335e-02
3.500000000000000000e+01,-1.348656471846604032e-01
3.600000000000000000e+01,1.311684182523100151e-01
3.700000000000000000e+01,-1.658471889196416055e-02
3.800000000000000000e+01,1.681926976270928242e-01
3.900000000000000000e+01,6.035963288339223250e-03
4.000000000000000000e+01,-1.649410907083174657e-02
4.100000000000000000e+01,-7.390954555470424141e-04
4.200000000000000000e+01,-2.093725868030789083e-01
4.300000000000000000e+01,-4.987360653669134503e-02
4.400000000000000000e+01,1.248767093970570563e-01
4.500000000000000000e+01,-2.839483997670841364e-02
4.600000000000000000e+01,1.272794819109579478e-01
4.700000000000000000e+01,-9.580247709157191371e-02
4.800000000000000000e+01,1.279902729798248762e-01
4.900000000000000000e+01,1.252058089163367131e-03
5.000000000000000000e+01,-7.933958229103985071e-02
5.100000000000000000e+01,-8.339181743673690361e-02
5.200000000000000000e+01,2.669433019251619965e-02
5.300000000000000000e+01,-4.277996815889977683e-02
5.400000000000000000e+01,2.242630751115932963e-02
5.500000000000000000e+01,8.601842055144874599e-02
5.600000000000000000e+01,1.292290641607487557e-02
5.700000000000000000e+01,-1.220807776454886640e-01
5.800000000000000000e+01,-2.381961106664224337e-01
5.900000000000000000e+01,3.596743928245066391e-02
6.000000000000000000e+01,2.109081627557438110e-02
6.100000000000000000e+01,-1.950598006122368777e-01
6.200000000000000000e+01,-3.891772699358677506e-02
6.300000000000000000e+01,1.297217768176901244e-02
6.400000000000000000e+01,-7.951166973705037569e-03
6.500000000000000000e+01,-7.124050836511450213e-02
6.600000000000000000e+01,-2.078137932882726316e-02
6.700000000000000000e+01,1.110309893235695844e-01
6.800000000000000000e+01,7.009834397497538561e-02
6.900000000000000000e+01,-7.994598327258797821e-02
7.000000000000000000e+01,-1.222437013318335153e-01
7.100000000000000000e+01,7.416376569211161063e-02
7.200000000000000000e+01,1.418534255895381180e-01
7.300000000000000000e+01,-1.581148128820866472e-01
7.400000000000000000e+01,6.385372468336969476e-02
7.500000000000000000e+01,1.556952650277750594e-01
7.600000000000000000e+01,8.811899994678029646e-02
7.700000000000000000e+01,-2.423810933572135839e-01
7.800000000000000000e+01,3.263195321282135603e-02
7.900000000000000000e+01,4.628211994834403355e-03
8.000000000000000000e+01,6.939922862115972813e-02
8.100000000000000000e+01,1.002576131655923963e-01
8.200000000000000000e+01,-1.890258196175382405e-02
8.300000000000000000e+01,-9.867298656135434221e-03
8.400000000000000000e+01,-6.840480986192898349e-02
8.500000000000000000e+01,-1.068932452899587493e-02
8.600000000000000000e+01,1.275027463857371368e-02
8.700000000000000000e+01,8.847175454281906715e-02
8.800000000000000000e+01,4.939486601187660295e-03
8.900000000000000000e+01,-2.001703834863500231e-01
9.000000000000000000e+01,-6.958564164888706403e-03
9.100000000000000000e+01,-2.245447465966673474e-03
9.200000000000000000e+01,8.989106467098595399e-02
9.300000000000000000e+01,1.223891958680546205e-01
9.400000000000000000e+01,-9.059252163303882499e-02
9.500000000000000000e+01,1.385321677107037852e-01
9.600000000000000000e+01,-1.654289771897332053e-03
9.700000000000000000e+01,-7.163913274879173121e-02
9.800000000000000000e+01,-7.203597028192144924e-02
9.900000000000000000e+01,7.478817008861698978e-02
1.000000000000000000e+02,-6.641135150923169195e-02
1.010000000000000000e+02,9.241722572011956682e-02
1.020000000000000000e+02,-5.700329163396639087e-02
1.030000000000000000e+02,-2.349604033558067850e-01
1.040000000000000000e+02,-1.226169741844336109e-01
1.050000000000000000e+02,3.882230172755041231e-02
1.060000000000000000e+02,3.872975088692560963e-02
1.070000000000000000e+02,-8.313940525007805504e-02
1.080000000000000000e+02,-1.622280956770394411e-02
1.090000000000000000e+02,2.738702956129172861e-02
1.100000000000000000e+02,1.422217923416344842e-01
1.110000000000000000e+02,1.051929324728039222e-03
1.120000000000000000e+02,-2.360161399511641889e-01
1.130000000000000000e+02,1.244552059235126684e-01
1.140000000000000000e+02,-1.792851060183403844e-01
1.150000000000000000e+02,-1.233891208379711557e-02
1.160000000000000000e+02,-1.605324423082667706e-01
1.170000000000000000e+02,3.507627591310201031e-03
1.180000000000000000e+02,4.073782648855955868e-02
1.190000000000000000e+02,-1.492553490378546776e-03
1.200000000000000000e+02,-1.267373660455253515e-01
1.210000000000000000e+02,-1.149188632050867631e-01
1.220000000000000000e+02,7.635013310777072348e-02
1.230000000000000000e+02,-1.253810825800773590e-02
1.240000000000000000e+02,-3.781557693687956356e-02
1.250000000000000000e+02,-1.331735222977150634e-01
1.260000000000000000e+02,1.219265329383078245e-01
1.270000000000000000e+02,-1.458512020082014249e-01
1.280000000000000000e+02,-6.391807925772229060e-02
1.290000000000000000e+02,1.707767888101076048e-01
1.300000000000000000e+02,4.416502706934000155e-04
1.310000000000000000e+02,1.366766593079389927e-02
1.320000000000000000e+02,1.161453013458463128e-02
1.330000000000000000e+02,1.625719447246903315e-01
1.340000000000000000e+02,-2.555689324267305940e-02
1.350000000000000000e+02,1.160524654978293824e-01
1.360000000000000000e+02,4.776312045375812054e-03
1.370000000000000000e+02,-1.868997824818240117e-01
1.380000000000000000e+02,-6.634888338748963499e-02
1.390000000000000000e+02,-6.133893322145790583e-03
1.400000000000000000e+02,1.667059731060239469e-01
1.410000000000000000e+02,1.362014672554447969e-01
1.420000000000000000e+02,1.070758474857591430e-01
1.430000000000000000e+02,-1.645483799560548688e-02
1.440000000000000000e+02,1.979319613741249428e-01
1.450000000000000000e+02,-1.413244483429376974e-01
1.460000000000000000e+02,3.472033936810913629e-02
1.470000000000000000e+02,-6.210437484334695862e-02
1.480000000000000000e+02,-2.622798009776039496e-02
1.490000000000000000e+02,4.011576263581626001e-02
1.500000000000000000e+02,-1.582674232666521005e-02
1.510000000000000000e+02,1.408317110685861351e-01
1.520000000000000000e+02,1.699145224241428997e-01
1.530000000000000000e+02,1.402595646191073520e-01
1.540000000000000000e+02,-6.003749796537936195e-02
1.550000000000000000e+02,2.715778178653568617e-02
1.560000000000000000e+02,-1.852038208249772167e-01
1.570000000000000000e+02,5.887612331083609540e-02
1.580000000000000000e+02,-7.007053764539308838e-02
1.590000000000000000e+02,1.046391090086132708e-01
1.600000000000000000e+02,1.011191526521656447e-01
1.610000000000000000e+02,1.091892743761300327e-02
1.620000000000000000e+02,1.898362075494746531e-02
1.630000000000000000e+02,-9.302135258887554714e-02
1.640000000000000000e+02,1.170093035518306873e-01
1.650000000000000000e+02,-6.358774251008725287e-02
1.660000000000000000e+02,8.511538214720222595e-02
1.670000000000000000e+02,-1.283714456344614840e-01
1.680000000000000000e+02,-2.357693110694276395e-01
1.690000000000000000e+02,-1.085867942326754487e-01
1.700000000000000000e+02,-1.639191313293924396e-02
1.710000000000000000e+02,3.924044011592277281e-02
1.720000000000000000e+02,1.643173200685353261e-02
1.730000000000000000e+02,-5.098094128473649317e-02
1.740000000000000000e+02,-5.330562589837244819e-02
1.750000000000000000e+02,-1.444950442004785118e-01
1.760000000000000000e+02,2.608938261189790997e-01
1.770000000000000000e+02,-1.428447321387486812e-02
1.780000000000000000e+02,2.356044328634815388e-01
1.790000000000000000e+02,-1.823082366554254485e-02
1.800000000000000000e+02,-1.012026170770038425e-01
1.810000000000000000e+02,2.697781993167354120e-01
1.820000000000000000e+02,-2.779852937762748721e-02
1.830000000000000000e+02,5.565342933707087547e-02
1.840000000000000000e+02,-7.928859624811761264e-03
1.850000000000000000e+02,1.053948141425321838e-01
1.860000000000000000e+02,1.397670759496410023e-02
1.870000000000000000e+02,2.266222028626288520e-02
1.880000000000000000e+02,-1.452891245734495157e-02
1.890000000000000000e+02,1.007203911768121546e-01
1.900000000000000000e+02,9.077860498163827993e-03
1.910000000000000000e+02,6.060073195562698523e-02
1.920000000000000000e+02,-6.670644301486039485e-02
1.930000000000000000e+02,-1.320683947714357265e-01
1.940000000000000000e+02,-6.061369153494283735e-02
1.950000000000000000e+02,-7.695639864617100090e-02
1.960000000000000000e+02,-1.322317896093603007e-01
1.970000000000000000e+02,6.855278467773698314e-02
1.980000000000000000e+02,3.236806928962482344e-02
1.990000000000000000e+02,2.861333638952590075e-02
2.000000000000000000e+02,2.278523098183751761e-01
2.010000000000000000e+02,4.542371102789613535e-02
2.020000000000000000e+02,-1.444725511079308078e-01
2.030000000000000000e+02,-3.018707143482206312e-02
2.040000000000000000e+02,1.609208187288004577e-01
2.050000000000000000e+02,-1.570350223003321166e-01
2.060000000000000000e+02,-6.862847925138997052e-02
2.070000000000000000e+02,-3.046242313869465534e-02
2.080000000000000000e+02,7.167875311334703792e-02
2.090000000000000000e+02,-3.452367336275002918e-02
2.100000000000000000e+02,-3.161904816339800028e-02
2.110000000000000000e+02,-3.289582351775151986e-02
2.120000000000000000e+02,7.255703839622083817e-02
2.130000000000000000e+02,-1.838931896179989839e-02
2.140000000000000000e+02,-1.634145244965526655e-01
2.150000000000000000e+02,6.822282624931727719e-03
2.160000000000000000e+02,-3.675481553893698849e-02
2.170000000000000000e+02,-1.885815614360969450e-01
2.180000000000000000e+02,1.054867694538077078e-01
2.190000000000000000e+02,-1.903536153290071725e-02
2.200000000000000000e+02,5.363976792034524238e-02
2.210000000000000000e+02,-3.319372939814985504e-03
2.220000000000000000e+02,7.475611010191678119e-02
2.230000000000000000e+02,2.207010933523440022e-02
2.240000000000000000e+02,1.593079764180850844e-01
2.250000000000000000e+02,8.213371333231903049e-02
2.260000000000000000e+02,-1.377112381727985113e-01
2.270000000000000000e+02,8.359929975291871540e-02
2.280000000000000000e+02,1.154932932049511640e-01
2.290000000000000000e+02,-9.900823691890116296e-02
2.300000000000000000e+02,-1.356423210857410633e-01
2.310000000000000000e+02,-1.121360090623987199e-01
2.320000000000000000e+02,-1.582365389863430727e-01
2.330000000000000000e+02,-3.189581781798319499e-02
2.340000000000000000e+02,1.151889140581758564e-01
2.350000000000000000e+02,5.773539406572764099e-02
2.360000000000000000e+02,-4.035138445819628356e-02
2.370000000000000000e+02,-1.034724436984981594e-02
2.380000000000000000e+02,-5.834545832644501967e-02
2.390000000000000000e+02,-2.012934087791429585e-02
2.400000000000000000e+02,-5.581747720143274277e-02
2.410000000000000000e+02,-1.680390269059779673e-01
2.420000000000000000e+02,9.516323851007295331e-02
2.430000000000000000e+02,-1.361177039662026245e-01
2.440000000000000000e+02,-4.837652368199771291e-02
2.450000000000000000e+02,-1.218065286764975913e-01
2.460000000000000000e+02,4.771373193271914032e-02
2.470000000000000000e+02,-1.950780215134099646e-02
2.480000000000000000e+02,1.948407712704685879e-01
2.490000000000000000e+02,-4.126147353169692944e-02
2.500000000000000000e+02,-2.133247004951821513e-02
2.510000000000000000e+02,7.845338032046569876e-02
2.520000000000000000e+02,-1.427295675713076140e-01
2.530000000000000000e+02,2.581364038490908258e-02
2.540000000000000000e+02,9.984254961449706700e-02
2.550000000000000000e+02,-7.504678953677044323e-03
2.560000000000000000e+02,-1.262595463750198488e-01
2.570000000000000000e+02,1.408922048321857579e-02
2.580000000000000000e+02,-1.356666580742414696e-02
2.590000000000000000e+02,-7.582171842507057224e-02
2.600000000000000000e+02,8.596357232567555795e-02
2.610000000000000000e+02,-6.050463084446266321e-02
2.620000000000000000e+02,-1.609459356147169007e-01
2.630000000000000000e+02,-5.414775221030893038e-02
2.640000000000000000e+02,4.442874150369507252e-02
2.650000000000000000e+02,-3.964381240967909670e-02
2.660000000000000000e+02,-1.957874323307026709e-01
2.670000000000000000e+02,1.207586488232248734e-01
2.680000000000000000e+02,4.166964523681124938e-02
2.690000000000000000e+02,-4.594449782128639387e-02
2.700000000000000000e+02,8.646209143179620082e-02
2.710000000000000000e+02,1.121541579234239250e-01
2.720000000000000000e+02,1.836005248647875621e-01
2.730000000000000000e+02,-2.464631625203003024e-02
2.740000000000000000e+02,1.582933258419139469e-02
2.750000000000000000e+02,-7.397993980804508374e-02
2.760000000000000000e+02,-2.200727048810521835e-02
2.770000000000000000e+02,5.850050131695471584e-02
2.780000000000000000e+02,-4.098130409589574585e-02
2.790000000000000000e+02,4.432343953512583173e-03
2.800000000000000000e+02,1.798376259066125915e-01
2.810000000000000000e+02,3.859935989668491357e-02
2.820000000000000000e+02,-8.252355866680496921e-02
2.830000000000000000e+02,-2.206335994607422357e-01
2.840000000000000000e+02,-7.347553454940265738e-03
2.850000000000000000e+02,4.851272879705322699e-02
2.860000000000000000e+02,4.021193222798511574e-02
2.870000000000000000e+02,-1.831383950722744736e-01
2.880000000000000000e+02,4.546467530639627247e-02
2.890000000000000000e+02,1.311075618962146139e-01
2.900000000000000000e+02,-9.678573461799599986e-02
2.910000000000000000e+02,-2.832519057483286543e-02
2.920000000000000000e+02,-1.932255760451005722e-02
2.930000000000000000e+02,-7.959214911333874209e-02
2.940000000000000000e+02,1.822628292728684096e-01
2.950000000000000000e+02,-7.697847146744309088e-02
2.960000000000000000e+02,7.172774324779734867e-02
2.970000000000000000e+02,-3.474751630730141261e-02
2.980000000000000000e+02,-3.440079943768604293e-02
2.990000000000000000e+02,-6.931537919290790828e-03
3.000000000000000000e+02,-4.954477401087872129e-02
3.010000000000000000e+02,1.264290332226411240e-01
3.020000000000000000e+02,-8.548318702544857595e-02
3.030000000000000000e+02,-1.151184904966773281e-01
3.040000000000000000e+02,-1.373927574633620856e-02
3.050000000000000000e+02,3.898738301402067050e-03
3.060000000000000000e+02,-1.869992893776784015e-02
3.070000000000000000e+02,8.132289090251158814e-02
3.080000000000000000e+02,6.882714765412224767e-02
3.090000000000000000e+02,6.265496889517213619e-02
3.100000000000000000e+02,-2.839772508972148238e-02
3.110000000000000000e+02,2.418749113759994795e-01
3.120000000000000000e+02,-9.478197200956478552e-02
3.130000000000000000e+02,4.925461937929701689e-02
3.140000000000000000e+02,-1.807041332007539372e-02
3.150000000000000000e+02,2.726457029565417314e-02
3.160000000000000000e+02,3.087632912952559955e-02
3.170000000000000000e+02,-1.355034980675466072e-01
3.180000000000000000e+02,-1.584655981222643228e-01
3.190000000000000000e+02,7.779431687453458588e-02
3.200000000000000000e+02,-1.041301162237374088e-02
3.210000000000000000e+02,5.505719658679160411e-02
3.220000000000000000e+02,1.114705103128768304e-01
3.230000000000000000e+02,6.160007467924739216e-03
3.240000000000000000e+02,-1.487124455346943708e-01
3.250000000000000000e+02,2.135799735798818988e-01
3.260000000000000000e+02,5.421369246852783541e-04
3.270000000000000000e+02,4.314182385975696456e-03
3.280000000000000000e+02,2.829260180761321297e-02
3.290000000000000000e+02,2.135455287665504603e-02
3.300000000000000000e+02,1.329148063329186648e-02
3.310000000000000000e+02,5.196537057688770805e-02
3.320000000000000000e+02,-6.864198211606024891e-02
3.330000000000000000e+02,1.852158001838470625e-02
3.340000000000000000e+02,2.576773542787056948e-01
3.350000000000000000e+02,-1.093385092875547165e-01
3.360000000000000000e+02,-2.897768220902489228e-02
3.370000000000000000e+02,-9.272743996956578361e-02
3.380000000000000000e+02,-1.955157664869901918e-02
3.390000000000000000e+02,1.157470953065600355e-01
3.400000000000000000e+02,5.905606391387205334e-02
3.410000000000000000e+02,1.044555701452605928e-01
3.420000000000000000e+02,-1.349551665442800252e-01
3.430000000000000000e+02,4.262145272887847558e-02
3.440000000000000000e+02,1.246574388359805163e-01
3.450000000000000000e+02,-2.290587475164308773e-01
3.460000000000000000e+02,-7.604866677165304789e-02
3.470000000000000000e+02,1.256689356843569694e-01
3.480000000000000000e+02,-1.674892969367350881e-01
3.490000000000000000e+02,-2.028655075633571947e-01
3.500000000000000000e+02,3.263376353151552917e-02
3.510000000000000000e+02,-1.154309019527657992e-01
3.520000000000000000e+02,1.014935093614078854e-01
3.530000000000000000e+02,4.759840109835085029e-03
3.540000000000000000e+02,-1.237846222710403954e-01
3.550000000000000000e+02,1.400149392477857135e-01
3.560000000000000000e+02,-5.067246625792557607e-02
3.570000000000000000e+02,7.460799703862125432e-02
3.580000000000000000e+02,-1.272198087950675571e-01
3.590000000000000000e+02,4.398680738914943072e-02
3.600000000000000000e+02,1.799583513969684467e-01
3.610000000000000000e+02,-5.180392184336279904e-02
3.620000000000000000e+02,7.458065944069014463e-02
3.630000000000000000e+02,-2.211076296514127848e-02
3.640000000000000000e+02,1.070193832241543852e-01
3.650000000000000000e+02,1.065006636089347314e-01
3.660000000000000000e+02,1.931648009668336941e-01
3.670000000000000000e+02,-8.356567436865643128e-02
3.680000000000000000e+02,1.334049776922775592e-02
3.690000000000000000e+02,-3.337077240380192933e-01
3.700000000000000000e+02,3.802050324512922658e-02
3.710000000000000000e+02,-5.934005030307474421e-02
3.720000000000000000e+02,-2.793663383725006333e-02
3.730000000000000000e+02,7.921771813468413137e-02
3.740000000000000000e+02,1.349067868539664261e-01
3.750000000000000000e+02,-1.722870327257589040e-01
3.760000000000000000e+02,-5.246746649970097931e-02
3.770000000000000000e+02,1.106091208694188199e-01
3.780000000000000000e+02,-3.853362144984289611e-02
3.790000000000000000e+02,-1.238119844321627222e-01
3.800000000000000000e+02,2.217613253219782518e-02
3.810000000000000000e+02,1.358007573256969636e-01
3.820000000000000000e+02,-7.835715107224500153e-02
3.830000000000000000e+02,-3.914351490920248144e-02
3.840000000000000000e+02,9.204834810525119870e-02
3.850000000000000000e+02,-8.789461801241771344e-02
3.860000000000000000e+02,6.091559228998622878e-03
3.870000000000000000e+02,9.546844292900460993e-02
3.880000000000000000e+02,3.454238483409904220e-02
3.890000000000000000e+02,1.206084638941629650e-01
3.900000000000000000e+02,-1.014295531165915476e-01
3.910000000000000000e+02,7.711118750983284031e-02
3.920000000000000000e+02,-6.770470218530083573e-02
3.930000000000000000e+02,-3.335316366248714665e-02
3.940000000000000000e+02,1.855686017225228468e-01
3.950000000000000000e+02,-9.364588230486810272e-03
3.960000000000000000e+02,-4.294188643305944103e-02
3.970000000000000000e+02,1.902163044798555469e-01
3.980000000000000000e+02,-6.927321730585009329e-02
3.990000000000000000e+02,1.381096237003753835e-01
4.000000000000000000e+02,4.706896043662223139e-02
4.010000000000000000e+02,1.841265590164705701e-01
4.020000000000000000e+02,3.672146997736280283e-01
4.030000000000000000e+02,2.175384594478983399e-02
4.040000000000000000e+02,-2.040214525554828462e-01
4.050000000000000000e+02,-8.275534475405919854e-02
4.060000000000000000e+02,-2.136285827775376289e-01
4.070000000000000000e+02,4.118625167274969634e-02
4.080000000000000000e+02,1.282963128962890942e-01
4.090000000000000000e+02,5.383767737246103469e-02
4.100000000000000000e+02,-2.495564827491750515e-01
4.110000000000000000e+02,7.331426386024958788e-03
4.120000000000000000e+02,-8.161353380268887570e-02
4.130000000000000000e+02,-8.785052132966418570e-02
4.140000000000000000e+02,-4.245261241515015625e-03
4.150000000000000000e+02,-6.822481676824625196e-02
4.160000000000000000e+02,-9.487118248864423453e-02
4.170000000000000000e+02,-4.916973844626792295e-02
4.180000000000000000e+02,6.696503357410796622e-03
4.190000000000000000e+02,9.030294963399913832e-02
4.200000000000000000e+02,-3.485271962993219952e-01
4.210000000000000000e+02,4.895844767467605330e-02
4.220000000000000000e+02,7.667142436403660832e-02
4.230000000000000000e+02,-1.072685433896947149e-02
4.240000000000000000e+02,1.822200600542551313e-02
4.250000000000000000e+02,-5.182273468528546950e-02
4.260000000000000000e+02,7.081948575783368616e-02
4.270000000000000000e+02,1.597353474278924990e-01
4.280000000000000000e+02,-7.066934023994411729e-02
4.290000000000000000e+02,1.263995033586410299e-01
4.300000000000000000e+02,7.772194442047025698e-02
4.310000000000000000e+02,7.178674815642735463e-02
4.320000000000000000e+02,-3.386067570657539522e-02
4.330000000000000000e+02,1.246515619751286386e-01
4.340000000000000000e+02,3.202539681119710713e-02
4.350000000000000000e+02,-7.139770955507303285e-02
4.360000000000000000e+02,1.922706467902581817e-01
4.370000000000000000e+02,1.151047322242728238e-01
4.380000000000000000e+02,1.494211330086401834e-01
4.390000000000000000e+02,2.400501181936061379e-02
4.400000000000000000e+02,6.539250130677608241e-02
4.410000000000000000e+02,-1.518634559537442030e-02
4.420000000000000000e+02,-1.917593297922204898e-01
4.430000000000000000e+02,-1.325006253282535462e-01
4.440000000000000000e+02,8.127808321677809644e-03
4.450000000000000000e+02,9.818496559918504785e-02
4.460000000000000000e+02,-2.297665005173709085e-01
4.470000000000000000e+02,-2.187266211755639067e-01
4.480000000000000000e+02,-7.962145725584064693e-02
4.490000000000000000e+02,4.894701478628953051e-02
4.500000000000000000e+02,-1.174767695336772083e-01
4.510000000000000000e+02,2.814249408721213319e-01
4.520000000000000000e+02,7.275695771376350374e-03
4.530000000000000000e+02,3.286629371856103488e-02
4.540000000000000000e+02,1.105564150799752954e-01
4.550000000000000000e+02,8.231935817509833386e-03
4.560000000000000000e+02,4.392181610354362054e-02
4.570000000000000000e+02,8.718820315449238301e-04
4.580000000000000000e+02,-1.286053663850928730e-01
4.590000000000000000e+02,-3.994917422192778567e-02
4.600000000000000000e+02,5.460615220297398986e-02
4.610000000000000000e+02,-2.555289192719745629e-03
4.620000000000000000e+02,-1.070486534567333670e-01
4.630000000000000000e+02,-1.419219097565280474e-01
4.640000000000000000e+02,-4.946360800369531407e-03
4.650000000000000000e+02,-5.375589701564126299e-03
4.660000000000000000e+02,2.649295567838396218e-02
4.670000000000000000e+02,-9.176621652554877578e-03
4.680000000000000000e+02,-5.512275338952752485e-02
4.690000000000000000e+02,-4.871383035594036015e-02
4.700000000000000000e+02,2.464500112077796720e-02
4.710000000000000000e+02,-4.276940825744924429e-02
4.720000000000000000e+02,-9.211653410140804854e-02
4.730000000000000000e+02,1.461698959911910539e-02
4.740000000000000000e+02,2.582443951422175310e-02
4.750000000000000000e+02,8.333578165840463403e-02
4.760000000000000000e+02,-3.584294174828554780e-02
4.770000000000000000e+02,9.345423400164649952e-02
4.780000000000000000e+02,5.709263797784152467e-02
4.790000000000000000e+02,1.130610558100089529e-02
4.800000000000000000e+02,-1.592145378384202392e-01
4.810000000000000000e+02,-5.063388213540617744e-02
4.820000000000000000e+02,-2.689607609283611520e-02
4.830000000000000000e+02,-1.169815452420429197e-01
4.840000000000000000e+02,-1.590882322660294446e-01
4.850000000000000000e+02,-1.234174323309528143e-01
4.860000000000000000e+02,-5.699643584454083117e-02
4.870000000000000000e+02,-1.712324082834237038e-01
4.880000000000000000e+02,1.563063663476872978e-01
4.890000000000000000e+02,-1.325640056880333928e-01
4.900000000000000000e+02,-6.144409096838733542e-02
4.910000000000000000e+02,-5.360248720385421420e-04
4.920000000000000000e+02,1.112556929712948950e-01
4.930000000000000000e+02,8.601078786845724189e-02
4.940000000000000000e+02,1.917821950069017733e-01
4.950000000000000000e+02,-2.957371936258189685e-02
4.960000000000000000e+02,2.264164148955218614e-01
4.970000000000000000e+02,-9.912363194495560359e-02
4.980000000000000000e+02,4.844653890566080756e-02
4.990000000000000000e+02,-1.361587179367097777e-01
5.000000000000000000e+02,-1.453574307800314380e-01
5.010000000000000000e+02,-1.626190696680139894e-02
5.020000000000000000e+02,-1.987244098257546776e-01
5.030000000000000000e+02,-1.576228072738791175e-01
5.040000000000000000e+02,-1.490330713903863236e-01
5.050000000000000000e+02,4.655745412784838277e-02
5.060000000000000000e+02,5.376621283589253257e-04
5.070000000000000000e+02,-2.247619683542810831e-01
5.080000000000000000e+02,7.319559561868876907e-02
5.090000000000000000e+02,-5.234488929420216818e-02
5.100000000000000000e+02,-2.269757975095066174e-02
5.110000000000000000e+02,-1.056203473200315601e-01
5.120000000000000000e+02,4.040441675088120993e-02
5.130000000000000000e+02,2.450066991604390731e-01
5.140000000000000000e+02,-7.081732551164624662e-03
5.150000000000000000e+02,-9.929409238277935035e-02
5.160000000000000000e+02,-1.023087295033534849e-01
5.170000000000000000e+02,4.848044596245187909e-02
5.180000000000000000e+02,3.262797384255807648e-02
5.190000000000000000e+02,6.734316560538104735e-02
5.200000000000000000e+02,1.542626762073604496e-01
5.210000000000000000e+02,3.119913935272809746e-02
5.220000000000000000e+02,-4.830402389036708710e-02
5.230000000000000000e+02,2.248523777600928628e-02
5.240000000000000000e+02,-6.385606177918944082e-02
5.250000000000000000e+02,1.925062525549672138e-02
5.260000000000000000e+02,-5.368942043967175198e-03
5.270000000000000000e+02,-1.107668053839951927e-01
5.280000000000000000e+02,4.033365838272143233e-02
5.290000000000000000e+02,-1.043881818744894635e-01
5.300000000000000000e+02,-1.535028827766561077e-01
5.310000000000000000e+02,2.770368357268786219e-02
5.320000000000000000e+02,3.896024846408208120e-02
5.330000000000000000e+02,-8.946227762310597631e-02
5.340000000000000000e+02,-2.785013799162664450e-01
5.350000000000000000e+02,-2.916741183273374172e-01
5.360000000000000000e+02,1.203486870258797942e-01
5.370000000000000000e+02,1.368109880683698321e-01
5.380000000000000000e+02,5.209919044874472549e-02
5.390000000000000000e+02,2.393781427834740239e-01
5.400000000000000000e+02,1.089770493486404146e-01
5.410000000000000000e+02,1.039401210586524960e-01
5.420000000000000000e+02,-1.289843615113027142e-01
5.430000000000000000e+02,4.333170992235224617e-02
5.440000000000000000e+02,-1.571818032573075452e-01
5.450000000000000000e+02,5.924647947116234992e-02
5.460000000000000000e+02,1.457204219203991347e-01
5.470000000000000000e+02,3.791698833718877559e-02
5.480000000000000000e+02,1.304655954232002701e-01
5.490000000000000000e+02,-2.826989797027559467e-02
5.500000000000000000e+02,-7.167761575778661132e-02
5.510000000000000000e+02,-9.722243529343300994e-02
5.520000000000000000e+02,9.837573530040695513e-02
5.530000000000000000e+02,-1.427935583240497464e-01
5.540000000000000000e+02,4.091032569341018083e-02
5.550000000000000000e+02,-4.672027039406121546e-02
5.560000000000000000e+02,1.496245319377822180e-01
5.570000000000000000e+02,4.544526983619794243e-03
5.580000000000000000e+02,-1.903556841339600625e-01
5.590000000000000000e+02,7.751534470398124821e-02
5.600000000000000000e+02,-7.724065582180800194e-02
5.610000000000000000e+02,-9.256338701309475142e-03
5.620000000000000000e+02,-2.871002585614860214e-01
5.630000000000000000e+02,-4.169100587722523316e-02
5.640000000000000000e+02,-7.398613865161034892e-03
5.650000000000000000e+02,1.600311749136511530e-01
5.660000000000000000e+02,3.297346267375371454e-02
5.670000000000000000e+02,3.608740623700942840e-02
5.680000000000000000e+02,6.493799824388027386e-02
5.690000000000000000e+02,2.371931852083511080e-02
5.700000000000000000e+02,1.750468781810546881e-01
5.710000000000000000e+02,-1.575463871084603618e-01
5.720000000000000000e+02,5.037743806116434797e-02
5.730000000000000000e+02,7.013793806619428306e-02
5.740000000000000000e+02,7.250006752509379274e-03
5.750000000000000000e+02,-4.413883272558035559e-03
5.760000000000000000e+02,1.617511424386620378e-01
5.770000000000000000e+02,8.455754643692486860e-02
5.780000000000000000e+02,-1.467773706487152940e-01
5.790000000000000000e+02,9.649699003904531336e-02
5.800000000000000000e+02,-1.717883382142607607e-01
5.810000000000000000e+02,-1.494049095265587851e-02
5.820000000000000000e+02,2.469426900865325791e-01
5.830000000000000000e+02,-2.086755690343389258e-02
5.840000000000000000e+02,-6.341133607583118725e-02
5.850000000000000000e+02,8.870062135902984091e-02
5.860000000000000000e+02,4.705080988801677716e-02
5.870000000000000000e+02,-1.953131282541159530e-02
5.880000000000000000e+02,1.183672048608152561e-01
5.890000000000000000e+02,2.449522449067120800e-02
5.900000000000000000e+02,-1.866112746868375805e-01
5.910000000000000000e+02,3.752885500246536110e-02
5.920000000000000000e+02,-1.417057528271432887e-02
5.930000000000000000e+02,-7.494445429659339630e-02
5.940000000000000000e+02,-2.471640869819992717e-03
5.950000000000000000e+02,-8.600958143316626836e-02
5.960000000000000000e+02,1.866119396658036944e-01
5.970000000000000000e+02,-1.426122062290421932e-01
5.980000000000000000e+02,-8.452685303072856454e-03
5.990000000000000000e+02,3.523775421294489396e-02
6.000000000000000000e+02,-2.016761167798270804e-01
6.010000000000000000e+02,1.477966069496541579e-01
6.020000000000000000e+02,-3.147334243270869525e-01
6.030000000000000000e+02,3.941991879151174327e-02
6.040000000000000000e+02,-8.431046475529092865e-02
6.050000000000000000e+02,7.646050324396393150e-02
6.060000000000000000e+02,1.500511022622886270e-01
6.070000000000000000e+02,-1.913297065763166493e-01
6.080000000000000000e+02,1.017043520911107557e-01
6.090000000000000000e+02,-4.382882423245201831e-02
6.100000000000000000e+02,-1.421120671049488360e-01
6.110000000000000000e+02,-1.052548601581908411e-01
6.120000000000000000e+02,-7.577837949862264999e-02
6.130000000000000000e+02,2.264996440628456315e-02
6.140000000000000000e+02,-1.193379093790914169e-01
6.150000000000000000e+02,2.325406384454530295e-01
6.160000000000000000e+02,1.740930077333864220e-02
6.170000000000000000e+02,-1.701926347945638129e-01
6.180000000000000000e+02,7.639361604389269256e-02
6.190000000000000000e+02,8.149712768664951756e-02
6.200000000000000000e+02,-3.353513565779311228e-02
6.210000000000000000e+02,-3.834864351583920639e-02
6.220000000000000000e+02,-1.677906478108504018e-01
6.230000000000000000e+02,-3.097725545351081577e-01
6.240000000000000000e+02,2.101516655206438211e-01
6.250000000000000000e+02,-5.244010412579823074e-03
6.260000000000000000e+02,1.819300393201791479e-03
6.270000000000000000e+02,-9.773523171769828155e-02
6.280000000000000000e+02,-1.135222761852569262e-01
6.290000000000000000e+02,5.521875725325902512e-02
6.300000000000000000e+02,-3.775152493857050762e-02
6.310000000000000000e+02,-3.963718157589636581e-02
6.320000000000000000e+02,9.287618009097624652e-03
6.330000000000000000e+02,2.508725122660823703e-01
6.340000000000000000e+02,4.782016199279338735e-03
6.350000000000000000e+02,1.491401923778177575e-02
6.360000000000000000e+02,-3.153132945155147620e-03
6.370000000000000000e+02,9.729291159244210507e-02
6.380000000000000000e+02,-5.756334159126230005e-02
6.390000000000000000e+02,1.729528357945466291e-02
6.400000000000000000e+02,-1.472848151869465133e-02
6.410000000000000000e+02,-1.474321243540608062e-01
6.420000000000000000e+02,4.089198006370253075e-02
6.430000000000000000e+02,-3.099084779527170458e-02
6.440000000000000000e+02,-1.014412528195180879e-01
6.450000000000000000e+02,-9.721870836723038589e-02
6.460000000000000000e+02,2.321256825049902717e-02
6.470000000000000000e+02,7.398619767371376887e-02
6.480000000000000000e+02,1.478162102014952128e-01
6.490000000000000000e+02,2.070345808496331930e-01
6.500000000000000000e+02,7.484656508076231729e-02
6.510000000000000000e+02,4.643661888804211796e-02
6.520000000000000000e+02,-1.764725131044119280e-02
6.530000000000000000e+02,3.947289829600143102e-02
6.540000000000000000e+02,8.463244210417630864e-02
6.550000000000000000e+02,-2.592677469241304045e-01
6.560000000000000000e+02,-1.174033498068309395e-01
6.570000000000000000e+02,-1.105324882536624226e-01
6.580000000000000000e+02,2.648069574810767504e-02
6.590000000000000000e+02,-1.091152514601589768e-01
6.600000000000000000e+02,-2.734439212104434330e-02
6.610000000000000000e+02,-1.149794276091343874e-02
6.620000000000000000e+02,1.177623003980714234e-02
6.630000000000000000e+02,-1.238019980785660251e-02
6.640000000000000000e+02,2.424767370273147454e-02
6.650000000000000000e+02,9.972216837925235167e-02
6.660000000000000000e+02,-2.199341867619450941e-01
6.670000000000000000e+02,-1.780117680227804589e-01
6.680000000000000000e+02,1.978329911262217966e-01
6.690000000000000000e+02,6.895559249012073177e-02
6.700000000000000000e+02,1.923368392609469193e-02
6.710000000000000000e+02,-6.397590265860152170e-02
6.720000000000000000e+02,-1.468706919874198692e-02
6.730000000000000000e+02,9.302593767708036698e-02
6.740000000000000000e+02,1.643668492876445286e-01
6.750000000000000000e+02,1.781669391024749416e-01
6.760000000000000000e+02,2.554296260233052118e-02
6.770000000000000000e+02,1.106887561223143246e-01
6.780000000000000000e+02,2.515771623226126241e-01
6.790000000000000000e+02,-1.229161250182109061e-01
6.800000000000000000e+02,1.678124267395033828e-02
6.810000000000000000e+02,1.022409443917204341e-01
6.820000000000000000e+02,8.538478208230160238e-02
6.830000000000000000e+02,-4.780913758323795254e-02
6.840000000000000000e+02,8.656854368698893576e-02
6.850000000000000000e+02,-2.310915890684624163e-02
6.860000000000000000e+02,-6.142937090158055030e-02
6.870000000000000000e+02,-2.880274022434578529e-02
6.880000000000000000e+02,1.104921399377315760e-01
6.890000000000000000e+02,4.879905945623456628e-03
6.900000000000000000e+02,3.093987850665722711e-02
6.910000000000000000e+02,-6.542543841124819071e-02
6.920000000000000000e+02,-6.167745726715473387e-02
6.930000000000000000e+02,9.344356029349766557e-02
6.940000000000000000e+02,4.607678313684908378e-02
6.950000000000000000e+02,2.539962381527285928e-02
6.960000000000000000e+02,4.179665688900513487e-02
6.970000000000000000e+02,5.194035114079060926e-03
6.980000000000000000e+02,-9.526997809441439813e-02
6.990000000000000000e+02,-5.386065926618938127e-02
7.000000000000000000e+02,1.947993721753308316e-01
7.010000000000000000e+02,1.384721769063462504e-01
7.020000000000000000e+02,-3.045775450616441393e-01
7.030000000000000000e+02,1.565437695241238270e-01
7.040000000000000000e+02,-7.622547299224555206e-02
7.050000000000000000e+02,7.952278058113659842e-02
7.060000000000000000e+02,1.828007535915667781e-01
7.070000000000000000e+02,-1.338355789770910576e-01
7.080000000000000000e+02,-3.822353578705294658e-02
7.090000000000000000e+02,-8.724579862671828778e-02
7.100000000000000000e+02,-9.441615242916169548e-02
7.110000000000000000e+02,-3.240364934655770579e-02
7.120000000000000000e+02,-3.321843888941344858e-02
7.130000000000000000e+02,8.192639477961102812e-02
7.140000000000000000e+02,6.398179280455738860e-02
7.150000000000000000e+02,-1.684978133306047621e-02
7.160000000000000000e+02,-1.196779174350572073e-02
7.170000000000000000e+02,-7.386829271329502233e-02
7.180000000000000000e+02,-1.738629608555919415e-02
7.190000000000000000e+02,8.014568870218032048e-02
7.200000000000000000e+02,-1.609438771582010763e-01
7.210000000000000000e+02,-6.351444769856587347e-02
7.220000000000000000e+02,-3.404926679995678301e-02
7.230000000000000000e+02,-1.448516137062784469e-03
7.240000000000000000e+02,1.759371393580567294e-02
7.250000000000000000e+02,-4.646889464595398145e-03
7.260000000000000000e+02,6.072194534019172141e-02
7.270000000000000000e+02,1.101652704703136587e-01
7.280000000000000000e+02,-8.663450474059135320e-02
7.290000000000000000e+02,-8.687644297221372089e-03
7.300000000000000000e+02,-4.880246031704923299e-02
7.310000000000000000e+02,-1.296948053428872982e-01
7.320000000000000000e+02,-6.237658649195352428e-02
7.330000000000000000e+02,-2.247731443364191783e-01
7.340000000000000000e+02,-9.838846982674903652e-02
7.350000000000000000e+02,-4.192124715475496061e-02
7.360000000000000000e+02,8.707613463881394567e-02
7.370000000000000000e+02,-1.243210753430720045e-01
7.380000000000000000e+02,2.462804869472641749e-03
7.390000000000000000e+02,4.967276750000218510e-02
7.400000000000000000e+02,8.280821744488203739e-02
7.410000000000000000e+02,1.894166945092504856e-02
7.420000000000000000e+02,-4.413960039140324421e-02
7.430000000000000000e+02,-1.287802102411028382e-01
7.440000000000000000e+02,4.126727333224849970e-02
7.450000000000000000e+02,1.407627984419469180e-01
7.460000000000000000e+02,4.467556549997334786e-02
7.470000000000000000e+02,1.257098286375675500e-01
7.480000000000000000e+02,2.225216221981921039e-02
7.490000000000000000e+02,2.472572203994034823e-02
7.500000000000000000e+02,7.035066938255184893e-03
7.510000000000000000e+02,-8.888835138304351791e-03
7.520000000000000000e+02,-4.130054215329798800e-02
7.530000000000000000e+02,1.455152249804629871e-01
7.540000000000000000e+02,1.486210472344401956e-01
7.550000000000000000e+02,-2.867211842648248465e-02
7.560000000000000000e+02,-1.974236766403036913e-01
7.570000000000000000e+02,-1.582687031461644245e-01
7.580000000000000000e+02,2.123131904347072829e-01
7.590000000000000000e+02,6.407217666741693574e-02
7.600000000000000000e+02,5.605379556327808044e-02
7.610000000000000000e+02,-3.298323995672072240e-01
7.620000000000000000e+02,-7.392019806690222627e-02
7.630000000000000000e+02,3.624478355890856096e-02
7.640000000000000000e+02,-8.361687983651156647e-03
7.650000000000000000e+02,-1.304621838482914777e-03
7.660000000000000000e+02,-2.940678246943611782e-03
7.670000000000000000e+02,6.314231032743186645e-02
7.680000000000000000e+02,-1.594219994524370340e-02
7.690000000000000000e+02,6.456759172305806538e-02
7.700000000000000000e+02,1.267521519645286032e-01
7.710000000000000000e+02,2.322338888824138636e-01
7.720000000000000000e+02,-1.166936260353415578e-01
7.730000000000000000e+02,1.806806264231304027e-01
7.740000000000000000e+02,-3.287955103574026483e-02
7.750000000000000000e+02,1.125795656667915312e-01
7.760000000000000000e+02,-1.522819176478226177e-01
7.770000000000000000e+02,-1.034014796247973850e-01
7.780000000000000000e+02,-4.558373167302044726e-02
7.790000000000000000e+02,8.083104651781093664e-02
7.800000000000000000e+02,-8.935502271350403633e-03
7.810000000000000000e+02,-1.904141957653426032e-01
7.820000000000000000e+02,1.299887311871008588e-01
7.830000000000000000e+02,1.328043436576386432e-02
7.840000000000000000e+02,3.875621949711578751e-02
7.850000000000000000e+02,-2.915737069649040891e-02
7.860000000000000000e+02,-6.313222343207740284e-02
7.870000000000000000e+02,5.049771190345075933e-02
7.880000000000000000e+02,-7.267273376693478802e-03
7.890000000000000000e+02,-8.707073277892518615e-02
7.900000000000000000e+02,2.190760633994501549e-01
7.910000000000000000e+02,-1.446684349326060048e-01
7.920000000000000000e+02,3.241897266064988625e-02
7.930000000000000000e+02,8.100145637807662155e-03
7.940000000000000000e+02,9.076273137254116385e-02
7.950000000000000000e+02,-1.171316389619308229e-01
7.960000000000000000e+02,-8.056443901861271017e-02
7.970000000000000000e+02,-8.634040387138891548e-02
7.980000000000000000e+02,6.535577551693518006e-02
7.990000000000000000e+02,-4.178770172664082738e-02
8.000000000000000000e+02,1.932155244622925094e-01
8.010000000000000000e+02,1.383975861804068730e-01
8.020000000000000000e+02,-6.220066894108579325e-02
8.030000000000000000e+02,-1.236012736409608688e-02
8.040000000000000000e+02,-6.776929561915598366e-03
8.050000000000000000e+02,-1.457648182564148243e-01
8.060000000000000000e+02,-5.423597427125418854e-03
8.070000000000000000e+02,-1.091450772985818884e-01
8.080000000000000000e+02,5.819423004123933790e-02
8.090000000000000000e+02,6.177228796902886621e-02
8.100000000000000000e+02,-1.192585040551236153e-01
8.110000000000000000e+02,1.818492227870507627e-01
8.120000000000000000e+02,1.211395383601111819e-01
8.130000000000000000e+02,-9.851223391222563297e-02
8.140000000000000000e+02,-6.858337070109701838e-02
8.150000000000000000e+02,-1.122931807016224193e-01
8.160000000000000000e+02,-2.698017606131546120e-02
8.170000000000000000e+02,5.016463883606080837e-02
8.180000000000000000e+02,3.959446811572056579e-02
8.190000000000000000e+02,1.182593241823662322e-01
8.200000000000000000e+02,-1.080722701482685483e-01
8.210000000000000000e+02,4.014602970174509233e-03
8.220000000000000000e+02,1.386078370312802954e-01
8.230000000000000000e+02,-2.971583442966965749e-02
8.240000000000000000e+02,8.486753664542133480e-02
8.250000000000000000e+02,1.133039278110732758e-03
8.260000000000000000e+02,7.047630946991177703e-02
8.270000000000000000e+02,8.594273472270026748e-02
8.280000000000000000e+02,-1.382712062908588446e-01
8.290000000000000000e+02,4.920622320468320127e-02
8.300000000000000000e+02,-1.258718343757128655e-01
8.310000000000000000e+02,-1.692952017459608549e-01
8.320000000000000000e+02,2.133549795220593404e-02
8.330000000000000000e+02,5.851658715947898742e-02
8.340000000000000000e+02,2.429675774489191420e-02
8.350000000000000000e+02,-6.071288329332474865e-02
8.360000000000000000e+02,3.306134083722962053e-02
8.370000000000000000e+02,1.182343373345753901e-01
8.380000000000000000e+02,2.055221522277578261e-01
8.390000000000000000e+02,-7.285857422718912402e-02
8.400000000000000000e+02,-9.292981233103259076e-02
8.410000000000000000e+02,4.598142658472567645e-02
8.420000000000000000e+02,-4.551079173198307667e-03
8.430000000000000000e+02,-1.374572085070993044e-01
8.440000000000000000e+02,1.206146993073740070e-01
8.450000000000000000e+02,1.391800630863632982e-01
8.460000000000000000e+02,-7.752617675925825569e-02
8.470000000000000000e+02,1.455112625426634443e-01
8.480000000000000000e+02,-9.573867178454391336e-02
8.490000000000000000e+02,-4.542529172528411013e-02
8.500000000000000000e+02,-1.136251677792665150e-02
8.510000000000000000e+02,3.922761290862378757e-03
8.520000000000000000e+02,7.872922577390695231e-02
8.530000000000000000e+02,2.269760657213773514e-02
8.540000000000000000e+02,-1.400904854344716191e-02
8.550000000000000000e+02,1.650157585722994702e-01
8.560000000000000000e+02,6.418687506306604458e-03
8.570000000000000000e+02,1.201006245358111069e-01
8.580000000000000000e+02,-7.113949731225538420e-02
8.590000000000000000e+02,-1.378232851970157269e-01
8.600000000000000000e+02,1.726743435383567837e-01
8.610000000000000000e+02,4.746722251173298573e-02
8.620000000000000000e+02,1.441046550267446602e-01
8.630000000000000000e+02,-1.152940015883748837e-01
8.640000000000000000e+02,-5.485027072518017591e-03
8.650000000000000000e+02,2.735277645412350842e-02
8.660000000000000000e+02,-6.001733912230994283e-02
8.670000000000000000e+02,1.066498803246399146e-01
8.680000000000000000e+02,-5.797532231374596945e-02
8.690000000000000000e+02,1.025232638275974245e-01
8.700000000000000000e+02,-4.335393126288641930e-02
8.710000000000000000e+02,4.254239743158177989e-02
8.720000000000000000e+02,-8.301819625048405260e-02
8.730000000000000000e+02,-1.736462760696287633e-01
8.740000000000000000e+02,5.160449386485787410e-02
8.750000000000000000e+02,-3.973518924777472844e-02
8.760000000000000000e+02,1.833650991875581671e-01
8.770000000000000000e+02,-1.653186789512358854e-02
8.780000000000000000e+02,-1.651788324287346288e-01
8.790000000000000000e+02,-3.876780111863579320e-02
8.800000000000000000e+02,-2.461895298816552113e-02
8.810000000000000000e+02,1.027781252493235320e-01
8.820000000000000000e+02,2.448482037982267767e-02
8.830000000000000000e+02,-4.558435347720869724e-02
8.840000000000000000e+02,-7.593634974416156591e-02
8.850000000000000000e+02,-1.785802140397022564e-01
8.860000000000000000e+02,4.004069627805764003e-02
8.870000000000000000e+02,9.143929865764105491e-02
8.880000000000000000e+02,1.828950314560103263e-01
8.890000000000000000e+02,-3.163352137796927865e-02
8.900000000000000000e+02,-1.028313669348357717e-01
8.910000000000000000e+02,5.824914014079102254e-02
8.920000000000000000e+02,4.128726706160826959e-02
8.930000000000000000e+02,4.620037462294028507e-02
8.940000000000000000e+02,1.662466543191817581e-01
8.950000000000000000e+02,1.867673044713018538e-01
8.960000000000000000e+02,1.196276610765827433e-02
8.970000000000000000e+02,-1.133457929862063396e-01
8.980000000000000000e+02,1.285278523102273140e-01
8.990000000000000000e+02,-6.645178299935521060e-02
9.000000000000000000e+02,-1.729456427499069526e-02
9.010000000000000000e+02,-2.973034430346102250e-02
9.020000000000000000e+02,-6.030234643697875152e-02
9.030000000000000000e+02,5.268388693409258722e-02
9.040000000000000000e+02,1.707262423071055357e-01
9.050000000000000000e+02,-5.991504935592762565e-02
9.060000000000000000e+02,8.574929693110172613e-02
9.070000000000000000e+02,1.443580726214445942e-01
9.080000000000000000e+02,-5.042088992650078233e-02
9.090000000000000000e+02,7.574543279190897385e-03
9.100000000000000000e+02,-1.556093759996201586e-01
9.110000000000000000e+02,-2.436640142596513958e-01
9.120000000000000000e+02,8.946620749397359018e-02
9.130000000000000000e+02,-7.546615433938291817e-02
9.140000000000000000e+02,4.805209290259964891e-03
9.150000000000000000e+02,-6.604656330681009900e-03
9.160000000000000000e+02,-2.581344579971892594e-01
9.170000000000000000e+02,9.213044893213151107e-03
9.180000000000000000e+02,2.875343565146959088e-02
9.190000000000000000e+02,2.635725947188536367e-01
9.200000000000000000e+02,1.434303782906913849e-01
9.210000000000000000e+02,-1.631433068948633380e-01
9.220000000000000000e+02,-6.396864321498106631e-02
9.230000000000000000e+02,-1.382691725566998764e-01
9.240000000000000000e+02,7.142528945737487700e-02
9.250000000000000000e+02,4.952403619508868177e-02
9.260000000000000000e+02,-1.390517847264865214e-01
9.270000000000000000e+02,-6.726050747333170952e-03
9.280000000000000000e+02,2.684011559769154953e-01
9.290000000000000000e+02,-1.591948964158436119e-01
9.300000000000000000e+02,-5.048799979084780780e-03
9.310000000000000000e+02,-2.241418725695306507e-02
9.320000000000000000e+02,-2.048625504131867392e-01
9.330000000000000000e+02,-9.533000187383544599e-02
9.340000000000000000e+02,2.077453864857453092e-01
9.350000000000000000e+02,-1.765929912303954852e-01
9.360000000000000000e+02,1.590143840750230311e-02
9.370000000000000000e+02,-1.411146689759537054e-01
9.380000000000000000e+02,3.051305361717631115e-01
9.390000000000000000e+02,-6.276926775321793606e-02
9.400000000000000000e+02,5.964962393876750701e-02
9.410000000000000000e+02,5.165100289535404926e-02
9.420000000000000000e+02,-3.439201769137199133e-02
9.430000000000000000e+02,-1.898823773488901578e-01
9.440000000000000000e+02,8.245423013654809563e-02
9.450000000000000000e+02,-6.393482499447965262e-02
9.460000000000000000e+02,5.001315434250656194e-02
9.470000000000000000e+02,8.795377562070162691e-02
9.480000000000000000e+02,-1.216360127867843893e-01
9.490000000000000000e+02,1.951687630193797707e-02
9.500000000000000000e+02,-6.126021607390183532e-02
9.510000000000000000e+02,-2.196868265072711435e-02
9.520000000000000000e+02,2.754445561553475752e-01
9.530000000000000000e+02,1.937067170370092295e-02
9.540000000000000000e+02,9.713030046972613574e-02
9.550000000000000000e+02,-1.128613032852627401e-01
9.560000000000000000e+02,1.929438983556504561e-01
9.570000000000000000e+02,5.933900971994811313e-02
9.580000000000000000e+02,8.086001647085212449e-03
9.590000000000000000e+02,2.364771982762048363e-01
9.600000000000000000e+02,-1.376966267248062592e-01
9.610000000000000000e+02,1.123148605671653311e-01
9.620000000000000000e+02,-1.480854695450537217e-01
9.630000000000000000e+02,-8.554320406048719627e-02
9.640000000000000000e+02,9.656887660634833059e-02
9.650000000000000000e+02,-2.921349368727054613e-02
9.660000000000000000e+02,-1.973205210698558421e-01
9.670000000000000000e+02,-5.383825935511760141e-02
9.680000000000000000e+02,5.633927349484155883e-02
9.690000000000000000e+02,-1.393183793533062376e-01
9.700000000000000000e+02,-2.459521462668929070e-01
9.710000000000000000e+02,7.625345880663733644e-02
9.720000000000000000e+02,1.039119117612680721e-01
9.730000000000000000e+02,1.355462950207969412e-02
9.740000000000000000e+02,2.868641918151860759e-01
9.750000000000000000e+02,-3.147848997564419576e-02
9.760000000000000000e+02,5.674830608708061885e-02
9.770000000000000000e+02,3.306070944898056863e-03
9.780000000000000000e+02,-5.730524309213275852e-02
9.790000000000000000e+02,-2.021440433469419151e-01
9.800000000000000000e+02,4.439665789454511936e-03
9.810000000000000000e+02,1.209146951096046196e-02
9.820000000000000000e+02,8.643489080746349917e-02
9.830000000000000000e+02,1.739235278361496995e-01
9.840000000000000000e+02,-2.303382096328995821e-02
9.850000000000000000e+02,-1.286817552247350172e-01
9.860000000000000000e+02,2.391029388388450916e-01
9.870000000000000000e+02,2.139597246518641915e-01
9.880000000000000000e+02,-1.387188114706464359e-01
9.890000000000000000e+02,4.668615274868616327e-02
9.900000000000000000e+02,-1.332652620845508132e-02
9.910000000000000000e+02,-1.997533909037923616e-03
9.920000000000000000e+02,4.039345257280907431e-02
9.930000000000000000e+02,-2.988806900458349652e-02
9.940000000000000000e+02,-8.133077316687258029e-02
9.950000000000000000e+02,-1.673166878643276290e-01
9.960000000000000000e+02,5.446397702219855225e-02
9.970000000000000000e+02,-9.122608428159947880e-02
9.980000000000000000e+02,4.143677351351245531e-04
9.990000000000000000e+02,-4.467339248468654017e-02
1.000000000000000000e+03,-7.694825167788998943e-02
1.001000000000000000e+03,1.401205098238775537e-01
1.002000000000000000e+03,-6.355838930989014812e-02
1.003000000000000000e+03,6.718688521391144586e-02
1.004000000000000000e+03,-1.261064264751229069e-01
1.005000000000000000e+03,1.493617925055973072e-01
1.006000000000000000e+03,1.253320751016956947e-01
1.007000000000000000e+03,3.508252819684613139e-02
1.008000000000000000e+03,-1.413626523435541071e-01
1.009000000000000000e+03,1.761286310309464476e-01
1.010000000000000000e+03,1.080864198111929908e-01
1.011000000000000000e+03,-2.611191470558608257e-02
1.012000000000000000e+03,7.842105200416998878e-02
1.013000000000000000e+03,7.047318934736296510e-03
1.014000000000000000e+03,-1.419729179624512443e-02
1.015000000000000000e+03,1.929713156561619902e-01
1.016000000000000000e+03,2.463985729071276054e-02
1.017000000000000000e+03,-2.227469585942695174e-01
1.018000000000000000e+03,-1.170098242892771666e-02
1.019000000000000000e+03,-1.103624594688726868e-01
1.020000000000000000e+03,3.196165820891344600e-01
1.021000000000000000e+03,-1.278446272731620197e-02
1.022000000000000000e+03,7.758725473147172480e-02
1.023000000000000000e+03,6.867259592855157191e-02
1.024000000000000000e+03,2.298749301540489176e-01
1.025000000000000000e+03,1.393482343144960278e-01
1.026000000000000000e+03,-1.039919127711906865e-01
1.027000000000000000e+03,-6.577465103065463503e-03
1.028000000000000000e+03,6.052560031566861509e-02
1.029000000000000000e+03,-1.349232649472013835e-03
1.030000000000000000e+03,1.602439601251256715e-02
1.031000000000000000e+03,1.823004577038548138e-02
1.032000000000000000e+03,1.540944819885609329e-01
1.033000000000000000e+03,-8.244392799706677308e-03
1.034000000000000000e+03,4.561413920844466924e-02
1.035000000000000000e+03,-2.454497020182831446e-01
1.036000000000000000e+03,1.260711466619376248e-02
1.037000000000000000e+03,-7.437131915123139370e-02
1.038000000000000000e+03,-7.522161860660292465e-02
1.039000000000000000e+03,-5.580851141369905927e-02
1.040000000000000000e+03,1.393292770666277182e-04
1.041000000000000000e+03,-5.441472151803586343e-03
1.042000000000000000e+03,2.332755841466951086e-01
1.043000000000000000e+03,-1.478558833687894369e-02
1.044000000000000000e+03,2.698305708574676998e-01
1.045000000000000000e+03,3.167879979693111886e-02
1.046000000000000000e+03,1.616705980758385564e-01
1.047000000000000000e+03,3.177707572737338559e-02
1.048000000000000000e+03,-5.518630302208209909e-02
1.049000000000000000e+03,1.137191992228352017e-01
1.050000000000000000e+03,3.501902307081224824e-02
1.051000000000000000e+03,1.644921164174229303e-02
1.052000000000000000e+03,-1.388073440283885407e-01
1.053000000000000000e+03,2.418900592393474214e-01
1.054000000000000000e+03,-2.593563130507622536e-02
1.055000000000000000e+03,9.612712323271710435e-02
1.056000000000000000e+03,1.389507337315139257e-01
1.057000000000000000e+03,1.249062054642453845e-01
1.058000000000000000e+03,1.493546209421480475e-01
1.059000000000000000e+03,-1.344674165966230073e-01
1.060000000000000000e+03,-1.619483576827570881e-01
1.061000000000000000e+03,-9.830461604685455934e-02
1.062000000000000000e+03,-9.232641684683589103e-03
1.063000000000000000e+03,3.294860671849349915e-02
1.064000000000000000e+03,-4.523561803810562110e-02
1.065000000000000000e+03,1.319851248423672685e-01
1.066000000000000000e+03,-1.332737310330565222e-02
1.067000000000000000e+03,5.334750903251272297e-02
1.068000000000000000e+03,-1.929474886287547153e-01
1.069000000000000000e+03,4.876349013353785400e-02
1.070000000000000000e+03,5.824984015800485637e-02
1.071000000000000000e+03,1.631820442719140174e-01
1.072000000000000000e+03,1.206162883905815691e-01
1.073000000000000000e+03,-1.215549067465952066e-02
1.074000000000000000e+03,1.725115751130446018e-02
1.075000000000000000e+03,1.189421217071626458e-01
1.076000000000000000e+03,-5.990789032843864617e-03
1.077000000000000000e+03,-8.499670327884903398e-02
1.078000000000000000e+03,1.185467736351889997e-02
1.079000000000000000e+03,2.929079566322756456e-02
1.080000000000000000e+03,2.319376960696760692e-01
1.081000000000000000e+03,3.704220402655182542e-02
1.082000000000000000e+03,1.445643197751266540e-01
1.083000000000000000e+03,1.827834208090944532e-02
1.084000000000000000e+03,-8.277256256092456466e-02
1.085000000000000000e+03,9.185168375115991546e-02
1.086000000000000000e+03,6.569265497566474654e-02
1.087000000000000000e+03,1.502541593343927895e-01
1.088000000000000000e+03,-6.917640422156877411e-02
1.089000000000000000e+03,-7.842563378362919779e-02
1.090000000000000000e+03,-1.877178504357447930e-01
1.091000000000000000e+03,-1.956872937048320382e-01
1.092000000000000000e+03,1.035070014491117629e-01
1.093000000000000000e+03,-1.244672021657392269e-01
1.094000000000000000e+03,9.527172115901497151e-02
1.095000000000000000e+03,-1.940645519474847730e-02
1.096000000000000000e+03,5.570608135548831691e-02
1.097000000000000000e+03,6.356393558961854779e-04
1.098000000000000000e+03,-3.961063363528014719e-02
1.099000000000000000e+03,3.397694979753763250e-02
1.100000000000000000e+03,-4.412260346850845755e-02
1.101000000000000000e+03,4.604666543486313213e-02
1.102000000000000000e+03,2.007797631149174991e-02
1.103000000000000000e+03,-2.985394859132948359e-02
1.104000000000000000e+03,2.393880255913265892e-02
1.105000000000000000e+03,-1.252760942068212140e-02
1.106000000000000000e+03,-1.403413053460166593e-01
1.107000000000000000e+03,3.097941454118817439e-02
1.108000000000000000e+03,-2.030712911279506094e-01
1.109000000000000000e+03,-5.653788047452974752e-02
1.110000000000000000e+03,-2.940089913631539070e-02
1.111000000000000000e+03,2.397587078051395537e-02
1.112000000000000000e+03,-6.042835184673827492e-02
1.113000000000000000e+03,2.070638945736525405e-01
1.114000000000000000e+03,8.138159710507752997e-02
1.115000000000000000e+03,-9.024006126355560431e-02
1.116000000000000000e+03,1.104632734297891217e-01
1.117000000000000000e+03,-1.551031380482894850e-01
1.118000000000000000e+03,1.356245854919686522e-01
1.119000000000000000e+03,-8.049267216289193727e-02
1.120000000000000000e+03,1.987735140046968385e-01
1.121000000000000000e+03,3.758285158931264081e-02
1.122000000000000000e+03,9.599855842888686819e-03
1.123000000000000000e+03,-1.065469296062555443e-01
1.124000000000000000e+03,2.128004825881911755e-01
1.125000000000000000e+03,-7.796072242565405506e-03
1.126000000000000000e+03,1.797541843432886866e-01
1.127000000000000000e+03,-7.311258866081622732e-02
1.128000000000000000e+03,-1.205960173673378127e-01
1.129000000000000000e+03,-1.199088365587599875e-01
1.130000000000000000e+03,4.551765326092922087e-02
1.131000000000000000e+03,-5.798681844661902895e-02
1.132000000000000000e+03,-1.957275921796336471e-01
1.133000000000000000e+03,-1.799602615331825917e-01
1.134000000000000000e+03,-1.409718579881593381e-01
1.135000000000000000e+03,-1.659991418171470334e-01
1.136000000000000000e+03,7.841698995995753652e-02
1.137000000000000000e+03,4.893968781511927324e-02
1.138000000000000000e+03,4.941132501579867040e-03
1.139000000000000000e+03,1.567675026559938421e-03
1.140000000000000000e+03,-1.037675503086846716e-02
1.141000000000000000e+03,8.241012906880340605e-03
1.142000000000000000e+03,-1.062010521765653082e-01
1.143000000000000000e+03,5.719711186080002341e-02
1.144000000000000000e+03,-8.887343287475316100e-02
1.145000000000000000e+03,-5.280611188739430667e-02
1.146000000000000000e+03,-2.474667451666284768e-02
1.147000000000000000e+03,-8.958825361905791915e-03
1.148000000000000000e+03,-7.242729685034136888e-02
1.149000000000000000e+03,6.088580546899072243e-02
1.150000000000000000e+03,1.359075777205314695e-01
1.151000000000000000e+03,-6.379307241813857166e-02
1.152000000000000000e+03,6.392140907571167152e-02
1.153000000000000000e+03,-2.015161103417172639e-01
1.154000000000000000e+03,1.479052926233155509e-03
1.155000000000000000e+03,-2.761537588453533143e-02
1.156000000000000000e+03,-8.025798647665673136e-02
1.157000000000000000e+03,1.536552101567648099e-01
1.158000000000000000e+03,-1.002615636850288511e-01
1.159000000000000000e+03,-6.929060125491957878e-03
1.160000000000000000e+03,-1.352514585424473455e-02
1.161000000000000000e+03,-2.198138156136445476e-01
1.162000000000000000e+03,1.794043679852335427e-01
1.163000000000000000e+03,-1.309788686862827789e-01
1.164000000000000000e+03,-4.026261084582412331e-02
1.165000000000000000e+03,1.877180331662268165e-01
1.166000000000000000e+03,6.806350976983015222e-02
1.167000000000000000e+03,-1.833908385054059537e-02
1.168000000000000000e+03,-1.220256485795598311e-02
1.169000000000000000e+03,2.424781564906256306e-02
1.170000000000000000e+03,-4.000041623700897886e-02
1.171000000000000000e+03,-4.049348821756959538e-02
1.172000000000000000e+03,-1.350275602112997742e-01
1.173000000000000000e+03,-1.180212315237646054e-01
1.174000000000000000e+03,8.346908589554776631e-03
1.175000000000000000e+03,2.285789011673747262e-02
1.176000000000000000e+03,5.984148803848892556e-02
1.177000000000000000e+03,8.016758399743151298e-02
1.178000000000000000e+03,1.638467673336039751e-02
1.179000000000000000e+03,-1.256584142633662138e-01
1.180000000000000000e+03,-1.560885119363869360e-02
1.181000000000000000e+03,-8.857414035735093616e-02
1.182000000000000000e+03,1.331287964126155222e-03
1.183000000000000000e+03,-1.450682761538678138e-02
1.184000000000000000e+03,-2.990031623670094674e-01
1.185000000000000000e+03,1.704426188406478471e-01
1.186000000000000000e+03,7.207272789742212582e-02
1.187000000000000000e+03,-6.277144641940604619e-02
1.188000000000000000e+03,-5.759072184934869304e-02
1.189000000000000000e+03,-8.636524881840418333e-02
1.190000000000000000e+03,2.092454856084930981e-01
1.191000000000000000e+03,-1.668201735233322269e-01
1.192000000000000000e+03,1.247158537875559248e-01
1.193000000000000000e+03,6.695740027142664530e-02
1.194000000000000000e+03,-2.602018234271757588e-02
1.195000000000000000e+03,8.458439701475956030e-02
1.196000000000000000e+03,-1.003999904926483611e-01
1.197000000000000000e+03,-9.490892519949756245e-02
1.198000000000000000e+03,-8.380137561604971905e-03
1.199000000000000000e+03,4.119692769854813030e-02
