0.000000000000000000e+00,8.439575389398210059e-02
1.000000000000000000e+00,6.829646387531651541e-01
2.000000000000000000e+00,5.083513610189053233e-01
3.000000000000000000e+00,-1.421947301460650404e-01
4.000000000000000000e+00,-2.456594036306907758e-01
5.000000000000000000e+00,-3.765954953822644741e-03
6.000000000000000000e+00,-2.811548830851405834e-01
7.000000000000000000e+00,4.506003258444332693e-01
8.000000000000000000e+00,5.233422536069881614e-01
9.000000000000000000e+00,-1.864233325032148558e-01
1.000000000000000000e+01,-2.534351699115991452e-01
1.100000000000000000e+01,3.130157004839495549e-01
1.200000000000000000e+01,3.169507871511006991e-01
1.300000000000000000e+01,-8.487283936773153403e-01
1.400000000000000000e+01,-3.968594883799810846e-01
1.500000000000000000e+01,8.146622620447104002e-02
1.600000000000000000e+01,-2.805486320347774787e-01
1.700000000000000000e+01,-3.056744885583629889e-01
1.800000000000000000e+01,-3.369142916675654797e-01
1.900000000000000000e+01,3.733651401490828414e-02
2.000000000000000000e+01,-7.194293029485053503e-02
2.100000000000000000e+01,-3.302434616954547097e-02
2.200000000000000000e+01,4.297031435609515171e-01
2.300000000000000000e+01,-3.178931917703262666e-01
2.400000000000000000e+01,-1.513510115723175065e-01
2.500000000000000000e+01,-9.911856927088014135e-02
2.600000000000000000e+01,1.078975567904931765e-01
2.700000000000000000e+01,-1.588672055810244066e-01
2.800000000000000000e+01,-4.296266933621297746e-01
2.900000000000000000e+01,-8.443811628344040088e-01
3.000000000000000000e+01,1.800274646295398628e-01
3.100000000000000000e+01,2.696862293188075355e-01
3.200000000000000000e+01,8.399533039596752959e-02
3.300000000000000000e+01,1.237223799069774033e-01
3.400000000000000000e+01,-7.139071717498846059e-01
3.500000000000000000e+01,1.136639686470159866e-01
3.600000000000000000e+01,-1.270025179694743711e-01
3.700000000000000000e+01,4.574286376728511905e-02
3.800000000000000000e+01,-4.155487285516101803e-01
3.900000000000000000e+01,-5.192289000872319926e-01
4.000000000000000000e+01,-1.020450123591408985e-02
4.100000000000000000e+01,3.709474416673380626e-02
4.200000000000000000e+01,3.111361626408276071e-01
4.300000000000000000e+01,-1.572743365119969594e-01
4.400000000000000000e+01,2.035194017326958371e-01
4.500000000000000000e+01,-2.212882960606800398e-01
4.600000000000000000e+01,-1.250132294893381291e-01
4.700000000000000000e+01,1.574948232687279348e-01
4.800000000000000000e+01,5.853386569976720688e-02
4.900000000000000000e+01,-8.616667194876201363e-02
5.000000000000000000e+01,1.703852656993902481e-01
5.100000000000000000e+01,2.215053413182899167e-03
5.200000000000000000e+01,5.539031778306815479e-01
5.300000000000000000e+01,-6.299932063276580951e-01
5.400000000000000000e+01,1.108028340888509433e-01
5.500000000000000000e+01,-1.980106599159552894e-01
5.600000000000000000e+01,8.695615413649268044e-01
5.700000000000000000e+01,-2.418340098282360795e-01
5.800000000000000000e+01,-2.469163382271075957e-01
5.900000000000000000e+01,3.200343961596097686e-01
6.000000000000000000e+01,-1.094376034256394070e-01
6.100000000000000000e+01,4.977921525793572721e-01
6.200000000000000000e+01,-6.837787243934911885e-02
6.300000000000000000e+01,-5.829238283508431095e-01
6.400000000000000000e+01,-6.886699431950660255e-01
6.500000000000000000e+01,-1.316398562228323910e-01
6.600000000000000000e+01,4.487233406778412537e-01
6.700000000000000000e+01,-5.047518524716651522e-02
6.800000000000000000e+01,-8.502999183105778291e-01
6.900000000000000000e+01,-1.539553259300704136e-01
7.000000000000000000e+01,7.084591417981749295e-01
7.100000000000000000e+01,1.918164857779628973e-01
7.200000000000000000e+01,1.950196678031842490e-01
7.300000000000000000e+01,-3.694061832740035412e-01
7.400000000000000000e+01,-2.002410343184519159e-01
7.500000000000000000e+01,5.746434802678426768e-02
7.600000000000000000e+01,4.023279580622978746e-01
7.700000000000000000e+01,3.775357581111622451e-01
7.800000000000000000e+01,-4.961918989656068923e-01
7.900000000000000000e+01,-3.466402146491432967e-01
8.000000000000000000e+01,-2.782215276022962924e-01
8.100000000000000000e+01,4.513799446660690107e-01
8.200000000000000000e+01,4.416414033309792320e-01
8.300000000000000000e+01,-8.634456924764262464e-02
8.400000000000000000e+01,2.197144408022116968e-01
8.500000000000000000e+01,2.292038936799975848e-02
8.600000000000000000e+01,-1.057498537671760497e-01
8.700000000000000000e+01,3.550759648198348328e-02
8.800000000000000000e+01,1.589921541284544937e-01
8.900000000000000000e+01,-4.111295584675780379e-01
9.000000000000000000e+01,3.550509058437528037e-02
9.100000000000000000e+01,6.995866084834407861e-01
9.200000000000000000e+01,-1.210016794973301391e+00
9.300000000000000000e+01,-1.727257640622529289e-01
9.400000000000000000e+01,-6.115798025233024626e-01
9.500000000000000000e+01,4.613674380844580147e-01
9.600000000000000000e+01,3.809424337172952479e-01
9.700000000000000000e+01,3.341321163745996081e-01
9.800000000000000000e+01,4.182900544951795863e-01
9.900000000000000000e+01,-6.770516226248923797e-01
1.000000000000000000e+02,1.548760317084028060e-01
1.010000000000000000e+02,-4.430528198635199644e-01
1.020000000000000000e+02,-2.518046389236544003e-01
1.030000000000000000e+02,-1.792400244074346116e-01
1.040000000000000000e+02,-1.987421901187776396e-01
1.050000000000000000e+02,-6.282635246644312499e-01
1.060000000000000000e+02,5.699659227273603523e-01
1.070000000000000000e+02,1.874836658228886677e-01
1.080000000000000000e+02,1.423501122062725555e-01
1.090000000000000000e+02,-4.707119659057965588e-01
1.100000000000000000e+02,1.706571296842381291e-01
1.110000000000000000e+02,7.034227750412249680e-01
1.120000000000000000e+02,4.130875124147550537e-01
1.130000000000000000e+02,-3.533547437670442881e-01
1.140000000000000000e+02,-4.280474033171237647e-01
1.150000000000000000e+02,-1.786970232468872710e-01
1.160000000000000000e+02,2.968226682911057623e-01
1.170000000000000000e+02,3.580027971005335097e-01
1.180000000000000000e+02,-9.991354451529821379e-02
1.190000000000000000e+02,3.052058725658218785e-01
1.200000000000000000e+02,1.237981978931928378e-01
1.210000000000000000e+02,1.229701567486984892e+00
1.220000000000000000e+02,-4.580614470264168236e-01
1.230000000000000000e+02,-4.391399165291901552e-01
1.240000000000000000e+02,-9.424810427811831648e-01
1.250000000000000000e+02,9.362947321595294081e-02
1.260000000000000000e+02,5.876747423396887493e-01
1.270000000000000000e+02,9.220919586171855142e-01
1.280000000000000000e+02,-2.565556866467049724e-01
1.290000000000000000e+02,-1.820740413004753311e-01
1.300000000000000000e+02,2.493959128361558364e-01
1.310000000000000000e+02,5.492215167038562162e-01
1.320000000000000000e+02,2.704882857012325115e-01
1.330000000000000000e+02,2.553425542642734358e-02
1.340000000000000000e+02,4.044805770164466296e-01
1.350000000000000000e+02,-3.326712189387223129e-01
1.360000000000000000e+02,6.538349102809073443e-01
1.370000000000000000e+02,-1.121397262894494040e-02
1.380000000000000000e+02,-3.004675865971425663e-01
1.390000000000000000e+02,-5.432009752962874138e-03
1.400000000000000000e+02,-2.864409344889851661e-01
1.410000000000000000e+02,2.919373272476410985e-02
1.420000000000000000e+02,-1.552494682886827737e-01
1.430000000000000000e+02,4.641220316233497512e-01
1.440000000000000000e+02,-2.358302797782819149e-01
1.450000000000000000e+02,1.639582044064240990e-02
1.460000000000000000e+02,-1.827324261809096795e-01
1.470000000000000000e+02,1.942529038004583430e-01
1.480000000000000000e+02,-6.705983163802013980e-01
1.490000000000000000e+02,-6.772329544104394028e-02
1.500000000000000000e+02,-4.170032930747610278e-01
1.510000000000000000e+02,6.028608927098340065e-01
1.520000000000000000e+02,3.893266840659986849e-01
1.530000000000000000e+02,2.946413264101654383e-01
1.540000000000000000e+02,-1.405892279533041689e-01
1.550000000000000000e+02,-3.842275756638533490e-01
1.560000000000000000e+02,-1.391352360224577533e-01
1.570000000000000000e+02,1.832222243419582564e-01
1.580000000000000000e+02,-2.170691240123304444e-01
1.590000000000000000e+02,4.962952695501704481e-02
1.600000000000000000e+02,3.743521345484847052e-01
1.610000000000000000e+02,3.245283957868760893e-01
1.620000000000000000e+02,2.607944164091271499e-01
1.630000000000000000e+02,-8.483490259907380260e-01
1.640000000000000000e+02,-3.425156885324713851e-01
1.650000000000000000e+02,-1.389968577073487366e-02
1.660000000000000000e+02,1.023848633276120967e-01
1.670000000000000000e+02,3.813496804589021627e-01
1.680000000000000000e+02,9.244421229611859969e-02
1.690000000000000000e+02,-1.363936717578573543e-01
1.700000000000000000e+02,4.075830175903677466e-01
1.710000000000000000e+02,2.334345111475459034e-01
1.720000000000000000e+02,1.509472964484872004e-01
1.730000000000000000e+02,2.018657550839698112e-01
1.740000000000000000e+02,-1.131910160269183896e-01
1.750000000000000000e+02,-2.292301408045289424e-01
1.760000000000000000e+02,-1.172951371012513344e-01
1.770000000000000000e+02,6.088913233709306594e-01
1.780000000000000000e+02,-3.132997592038698764e-01
1.790000000000000000e+02,-1.596587864273826540e-01
1.800000000000000000e+02,-2.465776387925614210e-01
1.810000000000000000e+02,4.905411222183299058e-01
1.820000000000000000e+02,7.176768384184201155e-01
1.830000000000000000e+02,-1.263572901962981554e-01
1.840000000000000000e+02,-9.670537119329328246e-02
1.850000000000000000e+02,-4.795120064655836734e-01
1.860000000000000000e+02,3.318790623910755633e-01
1.870000000000000000e+02,3.237097440027615347e-01
1.880000000000000000e+02,-3.079861704523272348e-01
1.890000000000000000e+02,-3.645351233120569523e-01
1.900000000000000000e+02,1.814432604740743304e-01
1.910000000000000000e+02,6.508662797954731793e-01
1.920000000000000000e+02,-1.468987104660040843e-01
1.930000000000000000e+02,-7.450944543276675214e-01
1.940000000000000000e+02,-5.457536438692445202e-01
1.950000000000000000e+02,4.596298164596237523e-01
1.960000000000000000e+02,4.320401503753107386e-01
1.970000000000000000e+02,2.613320173046794759e-01
1.980000000000000000e+02,-6.382345742724274129e-02
1.990000000000000000e+02,-5.130723138907097303e-01
2.000000000000000000e+02,6.116745751289214689e-02
2.010000000000000000e+02,3.551237691187332790e-01
2.020000000000000000e+02,5.347606240157504187e-01
2.030000000000000000e+02,-8.113310444979587865e-01
2.040000000000000000e+02,-1.263691068527446615e-01
2.050000000000000000e+02,3.276527798715948014e-01
2.060000000000000000e+02,1.116585098902125039e-01
2.070000000000000000e+02,7.006014163767577685e-01
2.080000000000000000e+02,-2.869868660035607144e-03
2.090000000000000000e+02,-2.830085008954906778e-01
2.100000000000000000e+02,-5.942508129657495530e-01
2.110000000000000000e+02,4.566458142520620211e-01
2.120000000000000000e+02,-1.076851574026423675e-01
2.130000000000000000e+02,3.686942621388832331e-01
2.140000000000000000e+02,-5.630723225746936400e-01
2.150000000000000000e+02,9.677176262564162190e-01
2.160000000000000000e+02,9.552418184159394698e-01
2.170000000000000000e+02,4.257587786834063914e-01
2.180000000000000000e+02,2.255664527754860926e-02
2.190000000000000000e+02,-1.153494184904537423e-01
2.200000000000000000e+02,1.798576441533743797e-01
2.210000000000000000e+02,5.665914617260721098e-01
2.220000000000000000e+02,-3.730874211066088630e-01
2.230000000000000000e+02,1.204343264087428811e-01
2.240000000000000000e+02,1.641663100049851054e-01
2.250000000000000000e+02,-4.262128504959605269e-01
2.260000000000000000e+02,2.980553298358776804e-01
2.270000000000000000e+02,-3.511423624635081620e-01
2.280000000000000000e+02,-2.257536066219191784e-01
2.290000000000000000e+02,-3.417606056118765445e-01
2.300000000000000000e+02,-1.554627142304961795e-01
2.310000000000000000e+02,3.718584031343046270e-01
2.320000000000000000e+02,5.554529514621574515e-01
2.330000000000000000e+02,-5.647028563527136669e-01
2.340000000000000000e+02,-3.635981831193618730e-01
2.350000000000000000e+02,1.327926102255667755e-02
2.360000000000000000e+02,-1.211750547649137477e-02
2.370000000000000000e+02,3.820769254956306593e-01
2.380000000000000000e+02,-4.820734981323118173e-01
2.390000000000000000e+02,2.606499199381345777e-02
2.400000000000000000e+02,5.587371924789976685e-01
2.410000000000000000e+02,1.940520382013760647e-01
2.420000000000000000e+02,1.308720193011942146e-01
2.430000000000000000e+02,-5.787677473207138990e-01
2.440000000000000000e+02,-2.646720574973139839e-01
2.450000000000000000e+02,2.025439885708349708e-01
2.460000000000000000e+02,3.676491734525585975e-01
2.470000000000000000e+02,-2.556474110199039029e-01
2.480000000000000000e+02,-6.137670315704276680e-01
2.490000000000000000e+02,-6.706794752095153189e-01
2.500000000000000000e+02,3.574659682110374881e-01
2.510000000000000000e+02,4.327946772458426405e-01
2.520000000000000000e+02,4.918725380198790686e-01
2.530000000000000000e+02,-4.690735587587024913e-01
2.540000000000000000e+02,-2.359006744697109970e-01
2.550000000000000000e+02,-1.107068859139782868e-01
2.560000000000000000e+02,-8.735412058425389148e-01
2.570000000000000000e+02,-1.254946270422264143e-01
2.580000000000000000e+02,-1.130682671901141328e-01
2.590000000000000000e+02,-3.543425110777793652e-01
2.600000000000000000e+02,-3.971747009561863440e-01
2.610000000000000000e+02,-1.477671786802601250e-01
2.620000000000000000e+02,7.925832526125603517e-02
2.630000000000000000e+02,4.027266755882237259e-01
2.640000000000000000e+02,-1.547633959221103583e-01
2.650000000000000000e+02,-8.124963861346826133e-02
2.660000000000000000e+02,2.706754180532348619e-01
2.670000000000000000e+02,4.406176664665005793e-01
2.680000000000000000e+02,-2.149116942856923451e-01
2.690000000000000000e+02,-3.273434475486350914e-01
2.700000000000000000e+02,2.486913246786129003e-02
2.710000000000000000e+02,6.659945459193091777e-01
2.720000000000000000e+02,-2.500221712730884005e-01
2.730000000000000000e+02,-3.032470309492692473e-01
2.740000000000000000e+02,3.941252194970334966e-02
2.750000000000000000e+02,-2.312393576101241521e-01
2.760000000000000000e+02,9.095258597029766134e-01
2.770000000000000000e+02,2.440355109989921223e-01
2.780000000000000000e+02,1.298671624988503859e-02
2.790000000000000000e+02,-9.205900253547423251e-01
2.800000000000000000e+02,1.199421030592154602e-01
2.810000000000000000e+02,6.826837671144223574e-01
2.820000000000000000e+02,3.052542759990206633e-01
2.830000000000000000e+02,-2.826962855536935271e-01
2.840000000000000000e+02,6.995694648848527208e-02
2.850000000000000000e+02,3.268266531037695155e-01
2.860000000000000000e+02,2.967184937690303115e-01
2.870000000000000000e+02,1.430337333810977052e-01
2.880000000000000000e+02,2.613749977506165667e-01
2.890000000000000000e+02,-4.437287391809382475e-01
2.900000000000000000e+02,-1.828870350563290004e-01
2.910000000000000000e+02,5.697514962878320599e-01
2.920000000000000000e+02,5.822433518611249692e-01
2.930000000000000000e+02,-1.491359296753402008e-01
2.940000000000000000e+02,-4.792189738974322877e-01
2.950000000000000000e+02,5.398107348667405270e-02
2.960000000000000000e+02,-4.794795206444507629e-02
2.970000000000000000e+02,4.167806299300551021e-01
2.980000000000000000e+02,4.801524442150180150e-01
2.990000000000000000e+02,-9.165864316764094077e-02
3.000000000000000000e+02,-2.757738623240693632e-01
3.010000000000000000e+02,1.609874638804009717e-02
3.020000000000000000e+02,4.859001449609594570e-01
3.030000000000000000e+02,-5.645484956521051867e-01
3.040000000000000000e+02,-1.604417428613888474e-01
3.050000000000000000e+02,-1.534979376644297899e-01
3.060000000000000000e+02,6.634111950441952121e-01
3.070000000000000000e+02,-3.130623964430558903e-01
3.080000000000000000e+02,3.792467519288209576e-01
3.090000000000000000e+02,-3.510093303033758327e-01
3.100000000000000000e+02,5.502211920672139822e-02
3.110000000000000000e+02,-5.279639375576528071e-02
3.120000000000000000e+02,-1.543461324160419201e-01
3.130000000000000000e+02,-5.991339681007334939e-01
3.140000000000000000e+02,-1.433354414585233660e-01
3.150000000000000000e+02,-4.071402053755949768e-01
3.160000000000000000e+02,1.189009493005967200e-01
3.170000000000000000e+02,4.983980176306870291e-01
3.180000000000000000e+02,3.194959201338138932e-01
3.190000000000000000e+02,-1.937882229355925023e-02
3.200000000000000000e+02,-6.196798001503108777e-01
3.210000000000000000e+02,-3.767364749415358371e-01
3.220000000000000000e+02,3.458130314033219799e-01
3.230000000000000000e+02,-4.393961038511844941e-01
3.240000000000000000e+02,-4.752899890149699935e-01
3.250000000000000000e+02,1.497546477075316004e-02
3.260000000000000000e+02,1.824010000604651127e-01
3.270000000000000000e+02,1.461274812210708596e-01
3.280000000000000000e+02,6.337063585536176213e-02
3.290000000000000000e+02,-7.200839474203587498e-01
3.300000000000000000e+02,6.889298297414020444e-02
3.310000000000000000e+02,7.345381211963635248e-01
3.320000000000000000e+02,-1.814554383223196676e-01
3.330000000000000000e+02,-2.224328935615894620e-01
3.340000000000000000e+02,-2.930698724541502820e-01
3.350000000000000000e+02,5.562684561977271347e-02
3.360000000000000000e+02,4.551836364586007155e-01
3.370000000000000000e+02,5.585746741995993581e-02
3.380000000000000000e+02,-1.578383142823551188e-01
3.390000000000000000e+02,-4.017251176006242930e-01
3.400000000000000000e+02,-1.712942288669726809e-01
3.410000000000000000e+02,1.407221876199382937e-01
3.420000000000000000e+02,5.847156719005912606e-01
3.430000000000000000e+02,2.252813701202052432e-01
3.440000000000000000e+02,2.000058714671315574e-02
3.450000000000000000e+02,-7.745111462172342420e-02
3.460000000000000000e+02,-3.920179406987998050e-01
3.470000000000000000e+02,-1.127523382778081451e-01
3.480000000000000000e+02,-2.893501450151636512e-01
3.490000000000000000e+02,-1.797696407320432954e-01
3.500000000000000000e+02,-3.437629329354072172e-01
3.510000000000000000e+02,-1.817189947281829809e-01
3.520000000000000000e+02,4.354572205364550808e-01
3.530000000000000000e+02,-8.312747555119032183e-01
3.540000000000000000e+02,-7.758112580569612171e-02
3.550000000000000000e+02,6.937986311990417265e-01
3.560000000000000000e+02,-4.738876682335541046e-02
3.570000000000000000e+02,6.163667733245459246e-01
3.580000000000000000e+02,-1.392454844315077767e-01
3.590000000000000000e+02,-1.396062561748256659e-01
3.600000000000000000e+02,3.834162059595118133e-01
3.610000000000000000e+02,4.375756412659073114e-01
3.620000000000000000e+02,-4.291636529471732908e-01
3.630000000000000000e+02,-4.879374593904051149e-01
3.640000000000000000e+02,-1.093275815989745159e-01
3.650000000000000000e+02,-8.180822884932679355e-04
3.660000000000000000e+02,3.098989412281519806e-01
3.670000000000000000e+02,3.262416379548271905e-02
3.680000000000000000e+02,-6.845376713901149546e-02
3.690000000000000000e+02,1.385053263459458672e-01
3.700000000000000000e+02,-8.870689397722919881e-03
3.710000000000000000e+02,2.156533382414184685e-01
3.720000000000000000e+02,-1.400998947719578613e-01
3.730000000000000000e+02,-1.869986374087109215e-01
3.740000000000000000e+02,-8.055247845867274936e-01
3.750000000000000000e+02,-2.582238475486988150e-01
3.760000000000000000e+02,5.436986557902208084e-01
3.770000000000000000e+02,7.727377373861116228e-03
3.780000000000000000e+02,-2.139716880135943966e-01
3.790000000000000000e+02,-2.077298618951964881e-01
3.800000000000000000e+02,-6.208925651255135791e-02
3.810000000000000000e+02,-4.006946700797485716e-01
3.820000000000000000e+02,3.490358709032959084e-02
3.830000000000000000e+02,-4.237396329479677370e-01
3.840000000000000000e+02,-5.055679623557115532e-01
3.850000000000000000e+02,7.908645251162998990e-01
3.860000000000000000e+02,1.220839596477599764e-01
3.870000000000000000e+02,-5.114478411323720719e-01
3.880000000000000000e+02,-1.875040307147159135e-01
3.890000000000000000e+02,-3.648230594915191638e-02
3.900000000000000000e+02,5.799886563820866314e-01
3.910000000000000000e+02,4.830226679765076137e-02
3.920000000000000000e+02,2.976349611016368968e-01
3.930000000000000000e+02,-1.424212228154032589e-01
3.940000000000000000e+02,-3.668245588332553764e-01
3.950000000000000000e+02,1.392732368804937282e-01
3.960000000000000000e+02,-1.246259012338060690e-01
3.970000000000000000e+02,3.952552942335736397e-01
3.980000000000000000e+02,1.922207857874243253e-01
3.990000000000000000e+02,-4.043029611773797383e-01
4.000000000000000000e+02,-2.057087957632009190e-01
4.010000000000000000e+02,5.556688957893489711e-01
4.020000000000000000e+02,-4.197429031639654529e-01
4.030000000000000000e+02,1.053922913188182486e-01
4.040000000000000000e+02,-3.674655097486666522e-01
4.050000000000000000e+02,-3.405366737924178655e-01
4.060000000000000000e+02,-1.374612235991780618e-01
4.070000000000000000e+02,5.449126069960241736e-02
4.080000000000000000e+02,6.192030328046358445e-01
4.090000000000000000e+02,-2.165140832006768601e-01
4.100000000000000000e+02,1.318627325809800521e-01
4.110000000000000000e+02,3.017981372507866911e-01
4.120000000000000000e+02,6.952272959597532997e-01
4.130000000000000000e+02,-3.653861205491848452e-02
4.140000000000000000e+02,-1.096091477730452235e+00
4.150000000000000000e+02,-3.349465018519852677e-01
4.160000000000000000e+02,8.041268915823743257e-02
4.170000000000000000e+02,-2.603329302587922278e-01
4.180000000000000000e+02,-4.390457336066162508e-01
4.190000000000000000e+02,9.373538436341116720e-02
4.200000000000000000e+02,1.461526208498596102e-01
4.210000000000000000e+02,3.778042548451216454e-01
4.220000000000000000e+02,-1.028042956069709635e-01
4.230000000000000000e+02,-2.868683945921908229e-01
4.240000000000000000e+02,-8.272676417861907217e-01
4.250000000000000000e+02,-1.116141161031759116e-01
4.260000000000000000e+02,2.800657852001796622e-01
4.270000000000000000e+02,-1.332412265594224432e-01
4.280000000000000000e+02,5.059345607042272652e-01
4.290000000000000000e+02,-1.931916848440796142e-01
4.300000000000000000e+02,-5.432865742824474764e-02
4.310000000000000000e+02,7.260906059508207555e-01
4.320000000000000000e+02,-2.046768117016442567e-02
4.330000000000000000e+02,-2.076197894158571811e-01
4.340000000000000000e+02,-2.433235240860465165e-01
4.350000000000000000e+02,2.022258674647996191e-01
4.360000000000000000e+02,-3.607705523997318808e-01
4.370000000000000000e+02,3.395688664654523126e-01
4.380000000000000000e+02,-5.952276171098705992e-01
4.390000000000000000e+02,-6.320159652088375157e-01
4.400000000000000000e+02,-1.434473441226070956e-01
4.410000000000000000e+02,6.570070676857625580e-02
4.420000000000000000e+02,5.246502643718669034e-01
4.430000000000000000e+02,-1.145163141982755484e+00
4.440000000000000000e+02,-5.614262276503469984e-01
4.450000000000000000e+02,5.706414836811397190e-02
4.460000000000000000e+02,7.375493827434951299e-01
4.470000000000000000e+02,7.438572833891224922e-01
4.480000000000000000e+02,-4.927599683938284070e-01
4.490000000000000000e+02,-5.010946082866249429e-02
4.500000000000000000e+02,4.207025297841730516e-01
4.510000000000000000e+02,5.913701896852328055e-01
4.520000000000000000e+02,4.184647537844313758e-01
4.530000000000000000e+02,-4.266383100364224967e-01
4.540000000000000000e+02,-8.113177669038902362e-01
4.550000000000000000e+02,-1.569215944435881638e-01
4.560000000000000000e+02,6.881903330489762549e-01
4.570000000000000000e+02,6.483565461114218498e-02
4.580000000000000000e+02,-2.218329186632632399e-01
4.590000000000000000e+02,-2.876271939837961589e-01
4.600000000000000000e+02,-4.215347164400624624e-01
4.610000000000000000e+02,-4.499293300700207832e-02
4.620000000000000000e+02,5.593861574650718649e-02
4.630000000000000000e+02,-5.286725203812585316e-02
4.640000000000000000e+02,-1.911762154838326233e-01
4.650000000000000000e+02,4.955456184502183420e-02
4.660000000000000000e+02,3.406289442031396053e-02
4.670000000000000000e+02,-2.545425494555683121e-01
4.680000000000000000e+02,-4.622336231510729143e-02
4.690000000000000000e+02,-2.888579583498467884e-01
4.700000000000000000e+02,1.404963846170320385e-01
4.710000000000000000e+02,1.720791769087663958e-01
4.720000000000000000e+02,1.833991722733869789e-01
4.730000000000000000e+02,5.724689588230003068e-02
4.740000000000000000e+02,-5.284718887389515674e-01
4.750000000000000000e+02,4.571876229208177711e-01
4.760000000000000000e+02,8.246457539230697686e-02
4.770000000000000000e+02,6.132417779410009873e-03
4.780000000000000000e+02,7.905408150657988742e-04
4.790000000000000000e+02,2.641601208105818777e-01
4.800000000000000000e+02,3.831086452934815562e-02
4.810000000000000000e+02,6.832736894702996500e-01
4.820000000000000000e+02,-2.877518459131147566e-01
4.830000000000000000e+02,-6.476948116043530490e-01
4.840000000000000000e+02,1.637548673060548743e-01
4.850000000000000000e+02,-1.840625166954320269e-01
4.860000000000000000e+02,1.252505593231264813e-01
4.870000000000000000e+02,-7.322732783211050034e-02
4.880000000000000000e+02,-2.387966894748807245e-01
4.890000000000000000e+02,-3.815938921311883281e-01
4.900000000000000000e+02,-4.836935837952820172e-02
4.910000000000000000e+02,6.667788618546779400e-01
4.920000000000000000e+02,9.718794797483066850e-01
4.930000000000000000e+02,-4.741266978539749877e-01
4.940000000000000000e+02,1.921332271322042651e-01
4.950000000000000000e+02,1.807353186885268803e-01
4.960000000000000000e+02,3.582416553696172179e-01
4.970000000000000000e+02,6.673839748585330689e-02
4.980000000000000000e+02,-1.538120240423338780e-01
4.990000000000000000e+02,-5.714501673420540051e-01
5.000000000000000000e+02,2.529160158315862938e-01
5.010000000000000000e+02,1.471092998711089339e-01
5.020000000000000000e+02,-3.149629085023237796e-01
5.030000000000000000e+02,-4.990790449101481507e-02
5.040000000000000000e+02,7.506039622746280005e-02
5.050000000000000000e+02,-3.370962461550155304e-02
5.060000000000000000e+02,4.053546594181478002e-01
5.070000000000000000e+02,-3.394210541140840753e-01
5.080000000000000000e+02,1.255999768293430963e-02
5.090000000000000000e+02,-5.157519213308663364e-01
5.100000000000000000e+02,-3.557204309951246257e-01
5.110000000000000000e+02,1.019703108761550459e-01
5.120000000000000000e+02,3.356356082764360149e-01
5.130000000000000000e+02,-3.976741395926829958e-01
5.140000000000000000e+02,-4.530981460812468220e-01
5.150000000000000000e+02,-2.343400054092692752e-01
5.160000000000000000e+02,5.500512993706534459e-01
5.170000000000000000e+02,4.280674478597293331e-01
5.180000000000000000e+02,-7.641257282055384514e-02
5.190000000000000000e+02,-6.551484792136721413e-01
5.200000000000000000e+02,-5.933612159836385569e-01
5.210000000000000000e+02,5.079231078751547113e-01
5.220000000000000000e+02,4.267339244037928747e-01
5.230000000000000000e+02,-4.817989857956439526e-01
5.240000000000000000e+02,-2.341239946438931074e-01
5.250000000000000000e+02,1.731640787698758566e-02
5.260000000000000000e+02,6.368636092170310015e-03
5.270000000000000000e+02,-6.670290920846411176e-01
5.280000000000000000e+02,1.494960904366720855e-01
5.290000000000000000e+02,-9.086479208976965261e-01
5.300000000000000000e+02,5.282430922976907306e-01
5.310000000000000000e+02,5.804401345298197956e-01
5.320000000000000000e+02,3.710466085507676537e-01
5.330000000000000000e+02,-1.492822489331635527e-01
5.340000000000000000e+02,-3.784020887644758413e-01
5.350000000000000000e+02,7.958112293977316343e-01
5.360000000000000000e+02,3.188763539512316503e-01
5.370000000000000000e+02,2.361360646750659265e-01
5.380000000000000000e+02,-9.390878393528781509e-02
5.390000000000000000e+02,-6.256949321597882196e-02
5.400000000000000000e+02,-2.180486635928655381e-01
5.410000000000000000e+02,-1.945063561578650457e-01
5.420000000000000000e+02,1.210531191035195964e-01
5.430000000000000000e+02,-7.092469018777002310e-01
5.440000000000000000e+02,-3.289035792941650271e-01
5.450000000000000000e+02,3.596523946265693938e-01
5.460000000000000000e+02,7.299693319547891912e-01
5.470000000000000000e+02,-3.057869040972522878e-01
5.480000000000000000e+02,7.107287290036395921e-02
5.490000000000000000e+02,-3.962420787881807405e-01
5.500000000000000000e+02,4.455292496404009706e-01
5.510000000000000000e+02,8.418715007523320804e-01
5.520000000000000000e+02,8.268760259266166868e-02
5.530000000000000000e+02,-2.981072332556462534e-01
5.540000000000000000e+02,1.086097190812401192e-01
5.550000000000000000e+02,2.288121744733422058e-01
5.560000000000000000e+02,6.647982202412860975e-01
5.570000000000000000e+02,2.091893809477993749e-01
5.580000000000000000e+02,-3.503804791043267919e-01
5.590000000000000000e+02,2.166949688797786822e-02
5.600000000000000000e+02,-1.692246755235634337e-01
5.610000000000000000e+02,1.049229100532177161e-01
5.620000000000000000e+02,7.395339120933255850e-02
5.630000000000000000e+02,-1.560815715377166790e-01
5.640000000000000000e+02,-1.100476550175307489e-01
5.650000000000000000e+02,-2.743575235735321582e-01
5.660000000000000000e+02,4.543619700694759844e-01
5.670000000000000000e+02,2.478426671919209401e-01
5.680000000000000000e+02,-1.769334462523186047e-01
5.690000000000000000e+02,-6.093182265075260950e-01
5.700000000000000000e+02,2.791589158384982783e-01
5.710000000000000000e+02,2.874068697756693158e-01
5.720000000000000000e+02,1.793378784632348732e-01
5.730000000000000000e+02,-2.185674013742407440e-01
5.740000000000000000e+02,-2.918372087564334860e-01
5.750000000000000000e+02,3.579904734053857007e-01
5.760000000000000000e+02,8.953205708022715648e-04
5.770000000000000000e+02,-2.221576929503140951e-01
5.780000000000000000e+02,-2.941499513711183234e-01
5.790000000000000000e+02,5.087694418412308517e-02
5.800000000000000000e+02,-3.700617498273632844e-01
5.810000000000000000e+02,1.028655104535158848e-02
5.820000000000000000e+02,1.824943902922338823e-01
5.830000000000000000e+02,7.321456753987892752e-02
5.840000000000000000e+02,-5.625969749602701686e-01
5.850000000000000000e+02,-5.852691541899822658e-01
5.860000000000000000e+02,4.017333987614948310e-01
5.870000000000000000e+02,5.560012266550984350e-01
5.880000000000000000e+02,3.101001507976157701e-01
5.890000000000000000e+02,-1.852077621233541582e-01
5.900000000000000000e+02,-6.269338335241007032e-01
5.910000000000000000e+02,-3.210075548757496677e-01
5.920000000000000000e+02,3.305865761002964032e-01
5.930000000000000000e+02,-3.260156558175770214e-01
5.940000000000000000e+02,-3.263102179090710542e-01
5.950000000000000000e+02,1.869821833899232288e-01
5.960000000000000000e+02,7.704572583755281423e-02
5.970000000000000000e+02,3.025281144106303222e-01
5.980000000000000000e+02,2.694718001760840198e-02
5.990000000000000000e+02,-5.889969970980544201e-01
6.000000000000000000e+02,-8.473161970979196933e-02
6.010000000000000000e+02,5.029940237415700399e-02
6.020000000000000000e+02,5.745009682986039756e-01
6.030000000000000000e+02,-5.163126880138757535e-01
6.040000000000000000e+02,-5.170411967369046291e-01
6.050000000000000000e+02,-3.671683871228025864e-01
6.060000000000000000e+02,8.304132399158190569e-01
6.070000000000000000e+02,-2.781787768797939764e-01
6.080000000000000000e+02,-9.379456772835047251e-02
6.090000000000000000e+02,1.559901657062587876e-01
6.100000000000000000e+02,3.972860137450046070e-01
6.110000000000000000e+02,7.975348006145772661e-01
6.120000000000000000e+02,-4.087377602552428879e-01
6.130000000000000000e+02,-6.244939314504767136e-01
6.140000000000000000e+02,-6.908939662534147041e-01
6.150000000000000000e+02,3.747078477462151835e-01
6.160000000000000000e+02,-4.383609476703386743e-01
6.170000000000000000e+02,1.441084630896810048e-01
6.180000000000000000e+02,-7.133475605980463263e-02
6.190000000000000000e+02,-3.820176226389085383e-02
6.200000000000000000e+02,3.834905909894910092e-01
6.210000000000000000e+02,1.903811235145814740e-01
6.220000000000000000e+02,1.548601541041310647e-01
6.230000000000000000e+02,1.271069393989178176e-01
6.240000000000000000e+02,-1.760876895741310677e-01
6.250000000000000000e+02,-4.858995734107576098e-02
6.260000000000000000e+02,1.633995415815300556e-01
6.270000000000000000e+02,-1.057243165116108774e-01
6.280000000000000000e+02,-3.494930266274159925e-01
6.290000000000000000e+02,2.310889711901664145e-01
6.300000000000000000e+02,-7.653697527105572662e-02
6.310000000000000000e+02,-3.313057581149161934e-01
6.320000000000000000e+02,2.035433906930816106e-01
6.330000000000000000e+02,1.532367528350509767e-01
6.340000000000000000e+02,3.246473388987825004e-02
6.350000000000000000e+02,-3.636128783598278069e-01
6.360000000000000000e+02,-2.523289704324221949e-02
6.370000000000000000e+02,1.407854460155705256e-03
6.380000000000000000e+02,-5.949548284816706945e-01
6.390000000000000000e+02,1.746818317401593879e-01
6.400000000000000000e+02,2.516536489498203411e-01
6.410000000000000000e+02,2.064406327269800723e-01
6.420000000000000000e+02,2.537063151887972712e-01
6.430000000000000000e+02,-3.221468368674109128e-01
6.440000000000000000e+02,-3.352646671038055359e-01
6.450000000000000000e+02,5.096029658760137249e-02
6.460000000000000000e+02,-5.521873030844914876e-02
6.470000000000000000e+02,4.031062358590943306e-01
6.480000000000000000e+02,-5.106605136604115414e-01
6.490000000000000000e+02,-1.742547184368622437e-01
6.500000000000000000e+02,-4.062851769039257932e-01
6.510000000000000000e+02,-3.443282831350062412e-01
6.520000000000000000e+02,-3.851101128708772636e-02
6.530000000000000000e+02,2.418000347835833064e-02
6.540000000000000000e+02,-1.728495508412576653e-01
6.550000000000000000e+02,-2.120703638849870121e-01
6.560000000000000000e+02,1.514250461678133819e-01
6.570000000000000000e+02,2.406857506641903455e-01
6.580000000000000000e+02,-4.084304317964306819e-01
6.590000000000000000e+02,-1.797435908750901201e-01
6.600000000000000000e+02,3.383709561035740943e-01
6.610000000000000000e+02,6.171579076966711153e-01
6.620000000000000000e+02,6.928150359697846650e-01
6.630000000000000000e+02,-2.188095921480248951e-01
6.640000000000000000e+02,2.050673631576732658e-02
6.650000000000000000e+02,-1.218231492499487756e-01
6.660000000000000000e+02,3.950783143572705880e-01
6.670000000000000000e+02,3.180789344956747589e-01
6.680000000000000000e+02,-1.127164606700810368e-01
6.690000000000000000e+02,-1.905587308516005218e-01
6.700000000000000000e+02,-2.085098715709669814e-01
6.710000000000000000e+02,3.878199228377409158e-01
6.720000000000000000e+02,8.261607865052505995e-03
6.730000000000000000e+02,-6.997800195124942446e-01
6.740000000000000000e+02,7.769929271075615151e-03
6.750000000000000000e+02,-3.615614909675655131e-01
6.760000000000000000e+02,2.660493826507587256e-01
6.770000000000000000e+02,-1.022514169298047171e-02
6.780000000000000000e+02,1.042607501620837207e-01
6.790000000000000000e+02,-2.185069395819178584e-01
6.800000000000000000e+02,3.000412448142952271e-01
6.810000000000000000e+02,1.809819430618185288e-01
6.820000000000000000e+02,4.446952100244636608e-01
6.830000000000000000e+02,-5.268105213024845135e-01
6.840000000000000000e+02,1.436765313942632849e-01
6.850000000000000000e+02,-3.757287167731713229e-01
6.860000000000000000e+02,-1.468319721033549685e-01
6.870000000000000000e+02,2.315053130190009301e-01
6.880000000000000000e+02,-3.903999632092359229e-01
6.890000000000000000e+02,-2.214856353308740922e-01
6.900000000000000000e+02,2.162373953249999980e-01
6.910000000000000000e+02,-4.094741895443473889e-01
6.920000000000000000e+02,7.417053322958946371e-01
6.930000000000000000e+02,1.069009444757021976e-01
6.940000000000000000e+02,-2.240680742209179566e-01
6.950000000000000000e+02,-2.603364636486309447e-01
6.960000000000000000e+02,4.729440894943190976e-01
6.970000000000000000e+02,2.150249122350916531e-01
6.980000000000000000e+02,-6.400905998315959966e-01
6.990000000000000000e+02,-8.093048038242217634e-02
7.000000000000000000e+02,1.235483952215198078e-01
7.010000000000000000e+02,4.370399364859620661e-01
7.020000000000000000e+02,-2.519047251014520095e-01
7.030000000000000000e+02,-2.385937969378821022e-01
7.040000000000000000e+02,1.435456078053559681e-02
7.050000000000000000e+02,-4.210407000229041685e-01
7.060000000000000000e+02,1.288519339377705020e-01
7.070000000000000000e+02,4.570950702243071762e-01
7.080000000000000000e+02,-5.660107654039898684e-01
7.090000000000000000e+02,-5.574478127344199008e-01
7.100000000000000000e+02,1.954521640151884176e-01
7.110000000000000000e+02,2.115290310953950592e-01
7.120000000000000000e+02,1.986009397985682989e-02
7.130000000000000000e+02,-4.246945142136678841e-01
7.140000000000000000e+02,3.603307679611768011e-01
7.150000000000000000e+02,-5.900927420116941491e-01
7.160000000000000000e+02,9.808301845570091548e-02
7.170000000000000000e+02,-1.317570150683248231e-01
7.180000000000000000e+02,-1.432558052365339174e-01
7.190000000000000000e+02,3.539466717604421442e-01
7.200000000000000000e+02,1.401446665398499158e-01
7.210000000000000000e+02,5.016664313164498346e-01
7.220000000000000000e+02,-1.917889524387303146e-01
7.230000000000000000e+02,-8.030073451697231635e-01
7.240000000000000000e+02,-8.562476182006037440e-02
7.250000000000000000e+02,-1.007525379204932958e-01
7.260000000000000000e+02,5.598833486751186861e-02
7.270000000000000000e+02,-4.452817605056277328e-01
7.280000000000000000e+02,-5.236697418679246985e-01
7.290000000000000000e+02,-5.646309903399486796e-01
7.300000000000000000e+02,1.147574562956435729e-01
7.310000000000000000e+02,-8.368024968452036916e-02
7.320000000000000000e+02,-2.471762421663026565e-01
7.330000000000000000e+02,-1.845674457606552576e-02
7.340000000000000000e+02,-5.945981023093325213e-01
7.350000000000000000e+02,-3.033195942721199079e-01
7.360000000000000000e+02,2.369303334337264089e-01
7.370000000000000000e+02,1.326738682169631700e-01
7.380000000000000000e+02,5.131666234995302389e-01
7.390000000000000000e+02,-3.814831825835426349e-01
7.400000000000000000e+02,2.085502133711205630e-01
7.410000000000000000e+02,5.531951199678590836e-01
7.420000000000000000e+02,5.271737658845790375e-02
7.430000000000000000e+02,-1.378537932715533931e-01
7.440000000000000000e+02,-3.149717939395816901e-01
7.450000000000000000e+02,-1.462916652117127181e-01
7.460000000000000000e+02,-1.940061960937464747e-01
7.470000000000000000e+02,5.645718542192159628e-01
7.480000000000000000e+02,5.008862958277862654e-02
7.490000000000000000e+02,-1.529056795629154530e-01
7.500000000000000000e+02,4.478982204241765408e-01
7.510000000000000000e+02,5.969771402196251131e-01
7.520000000000000000e+02,-5.569614063369006107e-01
7.530000000000000000e+02,-6.050940638161539376e-01
7.540000000000000000e+02,-1.018612543312413576e+00
7.550000000000000000e+02,-1.603567767970133229e-01
7.560000000000000000e+02,1.634012474968334350e-01
7.570000000000000000e+02,4.722349586455459880e-01
7.580000000000000000e+02,-1.500572468706876106e-01
7.590000000000000000e+02,-3.342720122460990373e-02
7.600000000000000000e+02,1.326298455204506788e-01
7.610000000000000000e+02,4.124531612430555327e-01
7.620000000000000000e+02,3.861564962620496200e-01
7.630000000000000000e+02,-4.939629492829755719e-01
7.640000000000000000e+02,-3.574989303713640432e-01
7.650000000000000000e+02,4.872665487710460264e-01
7.660000000000000000e+02,5.796629052792710013e-01
7.670000000000000000e+02,1.247792337951729169e-01
7.680000000000000000e+02,2.632637699919690988e-01
7.690000000000000000e+02,-5.667777379528122772e-01
7.700000000000000000e+02,1.241282787885326054e-02
7.710000000000000000e+02,5.044707100609374661e-01
7.720000000000000000e+02,5.668020778580687424e-02
7.730000000000000000e+02,5.210539099835966859e-01
7.740000000000000000e+02,-8.184991459508281775e-01
7.750000000000000000e+02,2.542226508344413993e-02
7.760000000000000000e+02,2.303516387693980150e-01
7.770000000000000000e+02,8.701967944966439161e-02
7.780000000000000000e+02,-1.960069758813752783e-01
7.790000000000000000e+02,-5.372462164817051189e-01
7.800000000000000000e+02,1.451355626661906227e-02
7.810000000000000000e+02,4.737720870242528859e-01
7.820000000000000000e+02,-6.406274013939708412e-02
7.830000000000000000e+02,1.193843324906956049e-01
7.840000000000000000e+02,-3.691242879414986522e-01
7.850000000000000000e+02,-2.019301308846734866e-01
7.860000000000000000e+02,4.338246957823399530e-01
7.870000000000000000e+02,4.260485886847986681e-02
7.880000000000000000e+02,-1.467328435893121563e-01
7.890000000000000000e+02,-5.027452932541895958e-01
7.900000000000000000e+02,-1.480536267111499937e-01
7.910000000000000000e+02,7.174801279374184992e-02
7.920000000000000000e+02,-2.052903069364411248e-01
7.930000000000000000e+02,-2.075286892584903842e-01
7.940000000000000000e+02,-6.317347201777656629e-02
7.950000000000000000e+02,1.022243175870328619e-01
7.960000000000000000e+02,5.545987659167689321e-02
7.970000000000000000e+02,2.147186198920421896e-01
7.980000000000000000e+02,-4.593173136990240102e-01
7.990000000000000000e+02,3.836816936266923550e-02
8.000000000000000000e+02,4.782343387560397119e-01
8.010000000000000000e+02,2.537668474086832715e-01
8.020000000000000000e+02,2.717007242571711778e-01
8.030000000000000000e+02,2.075090773253124021e-01
8.040000000000000000e+02,-4.888474776775338926e-01
8.050000000000000000e+02,-9.953410658235271186e-03
8.060000000000000000e+02,4.258157486070953124e-01
8.070000000000000000e+02,3.341618898841902663e-01
8.080000000000000000e+02,3.827676555720121998e-01
8.090000000000000000e+02,-8.650385893782226443e-01
8.100000000000000000e+02,-1.257180024025366105e-01
8.110000000000000000e+02,3.369668203826905462e-01
8.120000000000000000e+02,7.630591453473021257e-01
8.130000000000000000e+02,2.757860136620731151e-01
8.140000000000000000e+02,-9.849661913406548841e-01
8.150000000000000000e+02,-1.326651428260423315e-01
8.160000000000000000e+02,5.122307219254290667e-02
8.170000000000000000e+02,-6.440212842303563723e-02
8.180000000000000000e+02,5.019042969959927047e-01
8.190000000000000000e+02,-3.084493644850908600e-01
8.200000000000000000e+02,9.683854479642968194e-01
8.210000000000000000e+02,4.753350359816020942e-01
8.220000000000000000e+02,-6.212027590041113712e-02
8.230000000000000000e+02,-1.039317465924948225e-01
8.240000000000000000e+02,2.171316286004542628e-01
8.250000000000000000e+02,-1.031961911167470353e-01
8.260000000000000000e+02,-3.193911815097050244e-02
8.270000000000000000e+02,1.300175156319572367e-01
8.280000000000000000e+02,4.015930030901327941e-01
8.290000000000000000e+02,-7.799071748649203384e-01
8.300000000000000000e+02,2.600559110748129621e-01
8.310000000000000000e+02,-6.641919287602042754e-01
8.320000000000000000e+02,1.628234447473779489e-01
8.330000000000000000e+02,1.627663221855012443e-01
8.340000000000000000e+02,1.644417808715503693e-02
8.350000000000000000e+02,-4.153913541708659923e-02
8.360000000000000000e+02,4.965897345053005285e-01
8.370000000000000000e+02,7.275992695484650996e-02
8.380000000000000000e+02,-3.448879347408951301e-01
8.390000000000000000e+02,-2.140100393164400538e-01
8.400000000000000000e+02,-2.511093789793079067e-01
8.410000000000000000e+02,2.742545456236427648e-01
8.420000000000000000e+02,-1.915275394471526449e-01
8.430000000000000000e+02,-1.140525837790060393e-01
8.440000000000000000e+02,6.451140623927418272e-01
8.450000000000000000e+02,2.985862722391098845e-01
8.460000000000000000e+02,-3.520877653165987997e-02
8.470000000000000000e+02,4.349349349201315773e-01
8.480000000000000000e+02,-4.516024191129460741e-01
8.490000000000000000e+02,-3.099405266270111592e-01
8.500000000000000000e+02,6.962612821024144472e-02
8.510000000000000000e+02,3.861207369696989522e-01
8.520000000000000000e+02,5.819859562143390175e-01
8.530000000000000000e+02,4.163509554598987528e-03
8.540000000000000000e+02,-7.379857129130167337e-01
8.550000000000000000e+02,6.109414532222377792e-02
8.560000000000000000e+02,4.596433191641899896e-01
8.570000000000000000e+02,4.556811173414135330e-02
8.580000000000000000e+02,-4.762872396497065397e-01
8.590000000000000000e+02,-1.321558130884754323e-01
8.600000000000000000e+02,1.684571793997834410e-01
8.610000000000000000e+02,1.191018556847101006e-02
8.620000000000000000e+02,4.621326398882915631e-01
8.630000000000000000e+02,3.142630348199867973e-02
8.640000000000000000e+02,8.964710764686301125e-02
8.650000000000000000e+02,-2.670904477615813066e-01
8.660000000000000000e+02,7.158825933697385846e-01
8.670000000000000000e+02,-7.485089918960067257e-01
8.680000000000000000e+02,9.467250212612682292e-02
8.690000000000000000e+02,-4.825708764922976846e-01
8.700000000000000000e+02,-1.409180571820776717e-01
8.710000000000000000e+02,2.523355178878418092e-01
8.720000000000000000e+02,2.843640340387380561e-01
8.730000000000000000e+02,4.729264007676906023e-02
8.740000000000000000e+02,-6.707244191031100922e-01
8.750000000000000000e+02,2.613514213697066824e-01
8.760000000000000000e+02,5.540167721940023604e-01
8.770000000000000000e+02,-2.898698265089701964e-01
8.780000000000000000e+02,-6.267947984560691133e-01
8.790000000000000000e+02,2.015460186402672771e-01
8.800000000000000000e+02,-2.746657239430632114e-01
8.810000000000000000e+02,8.797187112428556111e-02
8.820000000000000000e+02,7.197978191941785397e-02
8.830000000000000000e+02,-2.653714581296290342e-01
8.840000000000000000e+02,-4.365843494551969739e-01
8.850000000000000000e+02,-3.833654195995099268e-01
8.860000000000000000e+02,2.238762439342065202e-01
8.870000000000000000e+02,8.931574397575818558e-02
8.880000000000000000e+02,-7.423378499394684971e-01
8.890000000000000000e+02,-4.846667620097288021e-01
8.900000000000000000e+02,9.361357949307438919e-03
8.910000000000000000e+02,2.438423670193454185e-01
8.920000000000000000e+02,-1.419490224561182901e-01
8.930000000000000000e+02,-4.323810843196432829e-01
8.940000000000000000e+02,-2.638154534239471327e-01
8.950000000000000000e+02,-3.034635078735928859e-01
8.960000000000000000e+02,2.049275251313664448e-01
8.970000000000000000e+02,-6.452353456086196148e-02
8.980000000000000000e+02,-4.502163339484402949e-01
8.990000000000000000e+02,-3.583337762801040438e-01
9.000000000000000000e+02,4.305782610314471959e-01
9.010000000000000000e+02,5.307347170053476892e-01
9.020000000000000000e+02,2.268350953890159727e-01
9.030000000000000000e+02,-7.342845631181345034e-01
9.040000000000000000e+02,-3.093069286249206518e-01
9.050000000000000000e+02,1.980695721731587922e-01
9.060000000000000000e+02,2.783246065570971761e-01
9.070000000000000000e+02,1.098949449388093164e-01
9.080000000000000000e+02,-5.121812294411286492e-01
9.090000000000000000e+02,-3.248876423940168512e-01
9.100000000000000000e+02,-1.633237018528612416e-01
9.110000000000000000e+02,3.249863043479790381e-01
9.120000000000000000e+02,-3.572489957590366250e-02
9.130000000000000000e+02,-1.792160278221508196e-01
9.140000000000000000e+02,1.438226081796795119e-02
9.150000000000000000e+02,-7.043209354969191816e-02
9.160000000000000000e+02,-1.838929233156588738e-02
9.170000000000000000e+02,3.205249539466906161e-02
9.180000000000000000e+02,-2.203194709415141617e-01
9.190000000000000000e+02,-6.558193412646105003e-01
9.200000000000000000e+02,-3.324139011240082597e-01
9.210000000000000000e+02,4.905147183307642100e-01
9.220000000000000000e+02,6.320147947055340665e-02
9.230000000000000000e+02,-1.272360877456344963e-01
9.240000000000000000e+02,-2.503586484507602794e-01
9.250000000000000000e+02,-3.538359463665559090e-01
9.260000000000000000e+02,8.650930015738604872e-01
9.270000000000000000e+02,1.537271134152210506e-01
9.280000000000000000e+02,-4.328676055891023111e-01
9.290000000000000000e+02,-2.661861094855444421e-01
9.300000000000000000e+02,4.982351920972905024e-01
9.310000000000000000e+02,6.072053269050025071e-01
9.320000000000000000e+02,2.329594880749329133e-01
9.330000000000000000e+02,-3.790787170338046908e-01
9.340000000000000000e+02,1.977527719980678445e-01
9.350000000000000000e+02,4.391809997519838249e-01
9.360000000000000000e+02,-4.399474887616494634e-03
9.370000000000000000e+02,3.144924513706425229e-01
9.380000000000000000e+02,-3.792492187981219010e-01
9.390000000000000000e+02,-5.405966694766378700e-01
9.400000000000000000e+02,-5.310512661431179282e-01
9.410000000000000000e+02,3.054442900112744885e-01
9.420000000000000000e+02,1.064256520613654722e+00
9.430000000000000000e+02,-1.979742636929848754e-03
9.440000000000000000e+02,-1.338370710798476027e-01
9.450000000000000000e+02,2.297574093705571086e-01
9.460000000000000000e+02,4.259524493344393203e-01
9.470000000000000000e+02,4.266048393555077478e-02
9.480000000000000000e+02,-2.306888520234947060e-01
9.490000000000000000e+02,-5.590288318951702751e-01
9.500000000000000000e+02,-2.856395635522688270e-01
9.510000000000000000e+02,7.997674208509151228e-01
9.520000000000000000e+02,1.089272066656801069e-01
9.530000000000000000e+02,-3.684218399719441095e-01
9.540000000000000000e+02,-3.850455230893015668e-02
9.550000000000000000e+02,6.867887537046989122e-02
9.560000000000000000e+02,6.601257826240477522e-01
9.570000000000000000e+02,-4.144967437425881585e-01
9.580000000000000000e+02,1.500124345778582058e-01
9.590000000000000000e+02,-1.535935323572049371e-01
9.600000000000000000e+02,-3.975370140565607779e-01
9.610000000000000000e+02,1.055627786364594090e-01
9.620000000000000000e+02,3.799800093609800311e-01
9.630000000000000000e+02,1.051856486996445017e-01
9.640000000000000000e+02,-6.096526502781034473e-01
9.650000000000000000e+02,-1.217718124063752599e-01
9.660000000000000000e+02,6.498602521022596168e-01
9.670000000000000000e+02,3.529192333561381734e-01
9.680000000000000000e+02,-4.485524450280499176e-01
9.690000000000000000e+02,-2.786248655930548268e-01
9.700000000000000000e+02,4.304739735604234396e-01
9.710000000000000000e+02,1.793577994785017227e-01
9.720000000000000000e+02,-5.232883670394267162e-02
9.730000000000000000e+02,-1.763840292832176693e-01
9.740000000000000000e+02,-7.884583712640421682e-01
9.750000000000000000e+02,6.510163293535008444e-01
9.760000000000000000e+02,2.218177600182900389e-01
9.770000000000000000e+02,3.282259053861906195e-01
9.780000000000000000e+02,4.325106064140410433e-02
9.790000000000000000e+02,-1.415738963723957855e-01
9.800000000000000000e+02,1.761185538674563678e-01
9.810000000000000000e+02,4.610480066861832316e-01
9.820000000000000000e+02,7.480455151141331971e-01
9.830000000000000000e+02,1.264463064292036254e-01
9.840000000000000000e+02,-6.539228122852866476e-02
9.850000000000000000e+02,1.026613494725959197e-01
9.860000000000000000e+02,-7.857587104491497998e-02
9.870000000000000000e+02,-1.775576560676662141e-01
9.880000000000000000e+02,-4.904304563636324721e-01
9.890000000000000000e+02,-6.203941562619695871e-01
9.900000000000000000e+02,1.469639580253531974e-01
9.910000000000000000e+02,2.629393060480850752e-01
9.920000000000000000e+02,9.361379649172800743e-01
9.930000000000000000e+02,-3.662247317951056180e-01
9.940000000000000000e+02,1.425697612158419170e-01
9.950000000000000000e+02,-7.436334095379397435e-02
9.960000000000000000e+02,4.400260255830525935e-01
9.970000000000000000e+02,-2.577596213934607583e-05
9.980000000000000000e+02,-5.234227516851986950e-01
9.990000000000000000e+02,-6.276403860362418374e-01
1.000000000000000000e+03,6.649039023414973215e-01
1.001000000000000000e+03,8.164413286918812407e-01
1.002000000000000000e+03,7.059395580806722137e-01
1.003000000000000000e+03,-3.821960518448319077e-01
1.004000000000000000e+03,-2.636278599242558585e-01
1.005000000000000000e+03,-4.185366894241466379e-02
1.006000000000000000e+03,5.971504440134101088e-01
1.007000000000000000e+03,3.649038272562147300e-01
1.008000000000000000e+03,-2.378130836474293131e-02
1.009000000000000000e+03,-8.003589470485522606e-02
1.010000000000000000e+03,1.570062073237991082e-03
1.011000000000000000e+03,-2.020712678253058781e-01
1.012000000000000000e+03,-1.102568621024005990e-01
1.013000000000000000e+03,-2.568708872430491286e-01
1.014000000000000000e+03,-8.130989830830348541e-02
1.015000000000000000e+03,-5.806856129358457103e-02
1.016000000000000000e+03,3.982386054630245864e-01
1.017000000000000000e+03,4.422769301033510625e-02
1.018000000000000000e+03,6.245911669776414987e-01
1.019000000000000000e+03,9.771620095567351560e-02
1.020000000000000000e+03,-3.659155380279210945e-01
1.021000000000000000e+03,1.848850827413223707e-01
1.022000000000000000e+03,5.119405843105844234e-01
1.023000000000000000e+03,-1.077151850789090370e-01
1.024000000000000000e+03,-1.056773995489925233e-01
1.025000000000000000e+03,1.402487088254826264e-01
1.026000000000000000e+03,4.965642546918346278e-01
1.027000000000000000e+03,2.118830272435680839e-01
1.028000000000000000e+03,-6.061542105407186076e-03
1.029000000000000000e+03,-2.300347041570492967e-01
1.030000000000000000e+03,-1.108394909179328536e-01
1.031000000000000000e+03,5.450148299108021899e-01
1.032000000000000000e+03,1.110213321369153128e-01
1.033000000000000000e+03,9.023770141945675061e-01
1.034000000000000000e+03,-6.306163697784383793e-01
1.035000000000000000e+03,4.762891585988514587e-01
1.036000000000000000e+03,4.510037620327919106e-01
1.037000000000000000e+03,3.032550216699071433e-01
1.038000000000000000e+03,2.598122974431229526e-01
1.039000000000000000e+03,-3.513870223619288691e-01
1.040000000000000000e+03,-3.243850187901239357e-01
1.041000000000000000e+03,4.934558846053380132e-02
1.042000000000000000e+03,4.943945420961930459e-01
1.043000000000000000e+03,-4.080377285650291785e-01
1.044000000000000000e+03,-5.759074659259888485e-01
1.045000000000000000e+03,2.986835609314745232e-01
1.046000000000000000e+03,1.050966263376504617e-01
1.047000000000000000e+03,5.608902889238880363e-01
1.048000000000000000e+03,-3.093324288675881606e-01
1.049000000000000000e+03,2.799145269292464544e-01
1.050000000000000000e+03,-2.156437809993459742e-01
1.051000000000000000e+03,1.333425530644158086e-01
1.052000000000000000e+03,-4.292259286921571437e-01
1.053000000000000000e+03,7.028563774828791577e-02
1.054000000000000000e+03,-1.892851744752769849e-01
1.055000000000000000e+03,4.493253500598755334e-02
1.056000000000000000e+03,2.669109475668712816e-01
1.057000000000000000e+03,-3.194977435173559921e-02
1.058000000000000000e+03,-3.280435806197068982e-01
1.059000000000000000e+03,-2.256566412533073662e-01
1.060000000000000000e+03,8.017776655586444923e-02
1.061000000000000000e+03,4.372425366949139747e-02
1.062000000000000000e+03,7.118939571480898953e-01
1.063000000000000000e+03,-2.743995948743062629e-01
1.064000000000000000e+03,-7.351507857897341403e-01
1.065000000000000000e+03,-1.606667604978795627e-01
1.066000000000000000e+03,9.480922748575650871e-01
1.067000000000000000e+03,4.693030945199161419e-01
1.068000000000000000e+03,-4.092612723738973113e-01
1.069000000000000000e+03,2.673272449798008710e-02
1.070000000000000000e+03,1.215694148743403369e-01
1.071000000000000000e+03,9.834931834689517038e-02
1.072000000000000000e+03,1.653309501822283478e-01
1.073000000000000000e+03,-3.476302233608364878e-01
1.074000000000000000e+03,9.579646270681718701e-02
1.075000000000000000e+03,-4.898981889207628115e-01
1.076000000000000000e+03,5.174789943255571067e-01
1.077000000000000000e+03,4.587602829594921161e-01
1.078000000000000000e+03,3.666565593071656748e-01
1.079000000000000000e+03,-2.269353091230425779e-01
1.080000000000000000e+03,4.013829707674607672e-01
1.081000000000000000e+03,-2.006384896048046818e-02
1.082000000000000000e+03,5.246056436388893962e-01
1.083000000000000000e+03,1.176039697402049555e-01
1.084000000000000000e+03,-3.266547290170871976e-01
1.085000000000000000e+03,2.107996781544560841e-02
1.086000000000000000e+03,-1.771663593089579658e-01
1.087000000000000000e+03,8.378124862501812320e-01
1.088000000000000000e+03,-8.168917102186485923e-01
1.089000000000000000e+03,-5.901436122899708647e-02
1.090000000000000000e+03,-7.710676603623613234e-02
1.091000000000000000e+03,9.551254025392974523e-03
1.092000000000000000e+03,4.112537922221441988e-01
1.093000000000000000e+03,-4.410080838532431935e-01
1.094000000000000000e+03,-6.280788194723191387e-02
1.095000000000000000e+03,2.810637650294234204e-03
1.096000000000000000e+03,4.060275080007647031e-01
1.097000000000000000e+03,-1.733632439655967139e-01
1.098000000000000000e+03,-1.899457388858806217e-01
1.099000000000000000e+03,-4.230490007928519036e-01
1.100000000000000000e+03,1.713506130110563075e-01
1.101000000000000000e+03,2.346596588160839436e-01
1.102000000000000000e+03,2.046985523690517950e-01
1.103000000000000000e+03,-2.603545120577301919e-01
1.104000000000000000e+03,-2.868753591881168519e-01
1.105000000000000000e+03,7.925425519987323864e-02
1.106000000000000000e+03,4.031848111858555850e-01
1.107000000000000000e+03,-2.783668026713146393e-01
1.108000000000000000e+03,6.103618685268366040e-01
1.109000000000000000e+03,-4.212375580357108351e-01
1.110000000000000000e+03,2.684600495253889815e-02
1.111000000000000000e+03,2.557661416812694322e-01
1.112000000000000000e+03,1.772839613699583039e-01
1.113000000000000000e+03,-5.761321076868478608e-01
1.114000000000000000e+03,1.376820649754845194e-02
1.115000000000000000e+03,1.007386207109691179e-01
1.116000000000000000e+03,3.466735891001104242e-01
1.117000000000000000e+03,-2.211861810858251898e-01
1.118000000000000000e+03,4.827943788562883976e-01
1.119000000000000000e+03,-1.634514484518115318e-01
1.120000000000000000e+03,-2.294338407637592503e-01
1.121000000000000000e+03,7.283815655951597634e-03
1.122000000000000000e+03,-1.022986070617828980e-02
1.123000000000000000e+03,-3.678228454901462108e-01
1.124000000000000000e+03,-6.058144942751562123e-01
1.125000000000000000e+03,-1.933856324543224425e-01
1.126000000000000000e+03,-4.344944451739306546e-01
1.127000000000000000e+03,3.379176790994859458e-01
1.128000000000000000e+03,-3.010710208035740076e-01
1.129000000000000000e+03,-8.926559103102582604e-02
1.130000000000000000e+03,3.925285516173028233e-01
1.131000000000000000e+03,3.996203344556282233e-01
1.132000000000000000e+03,3.360519156292985921e-01
1.133000000000000000e+03,-2.860089008782936149e-01
1.134000000000000000e+03,-5.695760889949368355e-01
1.135000000000000000e+03,3.147675353010553900e-01
1.136000000000000000e+03,3.450064720897744741e-01
1.137000000000000000e+03,8.346966121773830016e-02
1.138000000000000000e+03,-5.067834987265391611e-01
1.139000000000000000e+03,-2.134489137304412254e-01
1.140000000000000000e+03,1.394626871725536954e-01
1.141000000000000000e+03,7.553932316581735140e-02
1.142000000000000000e+03,3.789819946083371471e-01
1.143000000000000000e+03,4.575982838968358779e-01
1.144000000000000000e+03,6.738493860090777332e-02
1.145000000000000000e+03,-4.361943881145109725e-02
1.146000000000000000e+03,1.417033806764677606e-01
1.147000000000000000e+03,-4.194579582529445183e-01
1.148000000000000000e+03,1.886677955319852329e-01
1.149000000000000000e+03,-1.414137538951153461e-01
1.150000000000000000e+03,-2.121275117679139732e-01
1.151000000000000000e+03,4.404531233036480531e-01
1.152000000000000000e+03,1.674629204594342835e-01
1.153000000000000000e+03,2.119293253660907428e-01
1.154000000000000000e+03,-2.413957663532070863e-01
1.155000000000000000e+03,2.172222907740954390e-01
1.156000000000000000e+03,-8.693858201143676023e-01
1.157000000000000000e+03,2.246197362250844654e-01
1.158000000000000000e+03,-2.892447790307501321e-01
1.159000000000000000e+03,-1.907965678271583143e-01
1.160000000000000000e+03,4.899762700535603699e-02
1.161000000000000000e+03,2.507912362958285568e-01
1.162000000000000000e+03,6.008061366461050490e-01
1.163000000000000000e+03,-7.905462464969219283e-02
1.164000000000000000e+03,3.503270529831590263e-01
1.165000000000000000e+03,-1.702949427863542642e-01
1.166000000000000000e+03,-1.613430964278388391e-01
1.167000000000000000e+03,4.812340857509449510e-01
1.168000000000000000e+03,2.508424254755531324e-02
1.169000000000000000e+03,-4.986904161444570827e-01
1.170000000000000000e+03,3.517256642939023403e-01
1.171000000000000000e+03,4.767731217167143765e-01
1.172000000000000000e+03,4.226941560221902927e-01
1.173000000000000000e+03,-3.464591414822368320e-01
1.174000000000000000e+03,-7.343089342987746404e-02
1.175000000000000000e+03,-5.614740527546185217e-02
1.176000000000000000e+03,-1.161748226626640457e-01
1.177000000000000000e+03,8.109218214382080125e-01
1.178000000000000000e+03,-3.429032584861738120e-02
1.179000000000000000e+03,-6.726174183562561026e-01
1.180000000000000000e+03,2.035042054053514127e-01
1.181000000000000000e+03,2.468722140812380228e-01
1.182000000000000000e+03,2.440611778293805822e-01
1.183000000000000000e+03,-5.810761715842636121e-01
1.184000000000000000e+03,-7.477182002395335036e-01
1.185000000000000000e+03,-1.679888036447990673e-01
1.186000000000000000e+03,6.362843094845926917e-01
1.187000000000000000e+03,-5.580738157046810644e-01
1.188000000000000000e+03,5.269343021242716141e-01
1.189000000000000000e+03,-8.296984567011365108e-01
1.190000000000000000e+03,1.501372171700185096e-02
1.191000000000000000e+03,7.640431126352777991e-01
1.192000000000000000e+03,-1.635851197314527050e-01
1.193000000000000000e+03,-3.655232325702382212e-01
1.194000000000000000e+03,-1.068393325210705569e-01
1.195000000000000000e+03,4.451928260478830723e-01
1.196000000000000000e+03,6.916829588048436506e-01
1.197000000000000000e+03,2.112161916891642788e-01
1.198000000000000000e+03,-5.219715515735720013e-01
1.199000000000000000e+03,-5.620393816754779559e-01
